500 10 300 500
859969.764662 416876.204253 239793.660112 894909.292784 671912.282871 252638.300421 764850.139162 380608.129386 715336.454785 849329.174782 
598969.74017 13559.2306875 946405.064283 854250.767704 71558.124984 935733.375729 720488.080721 722425.076138 465532.63419 111118.001431 
546590.464137 212814.172898 998437.424431 910920.785935 243401.610464 763639.607789 324349.690192 268448.843761 185434.844133 269644.649196 
411797.906492 370795.992911 818812.810959 765809.993298 517444.004555 422962.818536 353579.753744 555363.181367 446056.653198 761472.948402 
538435.731802 956434.649983 40126.7926913 168807.906581 570868.481074 86641.1409968 31857.5335044 456175.230811 273783.889744 693398.907481 
745717.581122 402617.230939 783450.754282 703873.481433 428661.047416 242399.987668 236172.038172 295519.850738 450124.335471 538357.283227 
691435.971361 591809.219469 422490.515327 574143.434131 952368.243912 927077.232431 796003.386903 46392.0377545 506933.037182 93042.8142029 
754673.645475 777882.168104 924220.177373 6718.3210153 811644.025209 526321.52801 505458.405239 115041.501131 306533.341084 960772.425761 
462973.593535 538931.299553 558820.745909 26519.2239273 702897.790046 797645.55119 955008.949527 45624.1409285 206743.416842 453375.181875 
344705.45726 124873.612848 854679.186646 535835.146474 990488.693998 947393.382161 138559.200942 648547.362979 468727.435478 496665.357863 
876441.490653 260788.111122 168822.917183 826620.032698 55772.1998159 54815.580945 370501.44262 321776.276981 105229.520525 188504.084454 
683004.790103 493608.521408 97668.9625261 253150.565766 389371.113769 827719.038509 490535.668541 265830.381343 172213.928509 580495.66212 
427916.248093 808428.196882 903694.586523 755725.720731 883662.499563 168706.737428 741991.377992 847040.826957 99261.0381184 438269.655041 
751778.483162 91180.0227456 58965.1563982 593809.769871 577841.72074 502675.297853 940865.136904 331452.339796 325232.411477 568522.349601 
172420.050007 296641.472809 539534.59582 589302.1857 478479.127829 261353.151225 965477.593697 958035.771566 381113.038459 182026.332145 
13903.2292068 678271.992602 686296.553 108144.981148 494990.616468 60718.3304509 138070.251967 373398.165288 868960.455407 148732.59622 
595896.68337 93250.5665286 782504.002528 26412.5461457 883023.148294 592931.98553 44053.084836 332696.223118 199776.019122 637341.253157 
713203.852345 997686.086238 580221.963843 313748.153966 383767.228908 978483.5448 490527.494637 194825.6467 491851.350358 544158.345956 
494349.835851 947206.352577 966314.778178 21119.5305783 991431.931483 285749.879306 414090.463526 491364.551982 585537.786777 481326.438456 
599486.762496 569236.404599 986977.265147 135760.066878 885402.367264 620368.922273 497606.032884 901128.371586 310906.755605 248374.958306 
883408.331794 549666.041196 635429.380292 20696.7306997 826921.274267 330935.443521 371835.649496 658587.788866 488547.99258 253086.361016 
577328.42944 895137.523807 140933.987423 496428.110763 751934.149829 647966.019675 466835.274161 235354.303559 153421.572535 397952.144388 
103170.153069 713406.20377 697965.602617 924570.479638 352356.375548 908652.531215 89082.255608 323059.658058 667914.98571 920776.896959 
254505.798362 638663.192883 109644.46138 789959.803575 238588.595956 577774.936383 500501.919405 540513.902973 521401.69323 197711.03465 
628802.269581 889730.23129 806868.558515 547522.632381 583601.209014 536361.947586 271928.080794 437221.006479 444230.553743 400680.064139 
874723.833839 954517.322791 504369.619369 971177.256187 268134.414111 866691.203927 998685.172806 752773.228757 957482.18521 140952.545084 
601564.683927 613186.727038 488097.723903 992200.548983 421094.524783 794721.945388 502197.746852 357335.203308 293463.593445 399890.63513 
140693.445967 544059.639027 115074.596029 6049.34448405 950815.245542 509060.628901 4436.11062414 765822.644078 302986.915398 276825.833844 
739434.542582 713883.057459 216135.539059 986782.208288 366596.017471 754131.361584 957567.869642 489001.393386 57413.043856 250338.391732 
586868.982115 815139.25735 959574.8618 904477.036477 804083.737521 560300.220409 315316.499375 660649.673925 233480.087633 885870.202222 
667905.578832 893202.385756 273438.937519 364027.868013 282367.797536 827025.789343 352827.991512 94021.9035192 25252.0305764 991114.320679 
172205.05666 313960.838216 801192.051001 539794.221456 921665.943395 731909.462724 189847.608414 232575.656723 607749.945655 570316.162661 
147172.447158 450150.610537 300168.578024 657245.469126 162925.763635 735070.6989 410166.839809 365826.540603 290671.076549 828951.038719 
469394.034556 82491.6063509 859179.402996 795521.303019 767621.05257 108673.759701 723778.737531 133710.471464 295160.048292 763920.125971 
332869.85502 475411.80041 148859.94209 3239.39298074 493916.381909 639681.360956 769422.360229 340484.112933 807576.27074 547087.707487 
919811.526412 573205.369627 440308.727146 718420.317913 56551.2247757 134318.592066 811036.166998 522457.915749 380848.24246 314488.162821 
174612.873556 732715.349281 749564.359308 546027.610554 944957.589092 943797.597263 164357.178434 566142.42058 166762.079254 219657.204574 
124918.434329 449395.881053 172929.025506 9235.266246 884531.393036 780909.217248 815656.149612 672822.525376 551532.940531 227837.947282 
192228.308662 203415.489722 823074.772965 394455.693534 49610.4472547 146942.059331 982322.935236 157570.972678 119854.300187 100970.775741 
720241.247969 274694.611451 272857.215795 469585.200011 207003.216434 767213.309804 813192.537874 722689.990585 475025.403451 406161.13477 
49222.9903365 530662.273173 427318.685801 218337.323879 777938.835748 977824.386098 223084.499971 835005.902499 818379.312408 425414.932274 
549155.068051 13446.8715749 162230.456599 262633.50373 23895.1878106 477189.42822 157545.083469 359727.484309 679044.634992 893195.518918 
124700.248502 595868.427497 805773.438582 130353.760634 40475.142865 743268.883715 511175.458478 120242.95386 505767.318025 774324.245787 
878015.697658 535747.291081 941459.276759 183261.999126 508211.642421 658153.629127 300471.561864 14242.9044401 347191.548907 183159.663846 
420772.572429 69633.0310259 251484.372927 867059.247891 374320.118298 856568.138086 389170.225212 952015.524192 178401.679381 20379.9377946 
847877.431138 721998.207445 700527.789798 630622.542555 987250.420171 677679.344461 61557.9546434 238061.691028 780183.480007 253520.896592 
729096.516998 87394.3663914 873114.992005 439439.193861 1723.82539897 596798.814693 819845.11706 583299.185355 369232.920934 926872.612317 
632619.242569 546762.022998 306589.035322 907551.43806 772243.78755 725430.145778 528615.541834 989461.542834 445189.818591 953905.807672 
762628.304009 3656.85428968 424998.478339 669015.49344 857549.609943 31579.466687 227397.366859 482417.433036 552927.259158 824513.75211 
818087.328607 886960.365184 419962.372586 598837.741006 808510.062636 941102.497723 886073.615397 372198.671859 549181.308582 821893.759744 
71173.8650232 176411.973111 807568.235048 860559.411673 258070.95975 640308.767686 924371.805585 539557.808227 508442.172316 921592.6244 
381178.764047 527531.786877 798193.033126 641271.379677 912358.554556 914578.782108 387243.111688 487646.995554 356341.700293 3317.02220266 
134839.785315 289853.845115 119316.510629 371860.552323 872732.401484 140476.502849 765975.884009 652850.782397 345054.467426 994304.755487 
855780.348005 246740.363225 229931.670635 585139.829673 880539.390215 15200.5204938 734192.758856 266626.221261 641124.382237 890702.154645 
550503.70355 902390.601945 590083.345805 828412.490777 610108.646258 259384.438288 811805.397297 7838.31283063 472329.18213 753870.756585 
311882.74046 350991.508409 558198.481839 400590.4762 601931.79575 10751.0196345 26507.6304798 285942.894097 868416.815297 779512.291164 
423662.824056 688404.542066 832062.487571 552057.565883 493894.991695 759414.915336 350554.004985 989242.585354 598060.254579 733553.929209 
155736.094165 590954.721322 83565.0013009 560669.72166 151891.95312 563062.005066 615376.634658 217842.875287 833953.892244 737027.708757 
48197.8358925 597390.809936 846813.831765 792702.415906 711686.298307 551560.883277 362722.437483 357870.002968 42682.7774609 476522.317645 
302848.272795 871951.697431 226681.055207 425045.472917 908655.409134 470415.598677 827749.820093 872737.188407 305321.623195 942210.487352 
419151.9954 167544.699835 647513.076575 164209.680157 978407.439906 338113.974528 277894.948147 516765.39537 963559.360948 299473.877152 
155461.747438 852208.064939 684461.308615 675635.754903 757940.100065 56137.6169567 829818.596715 56317.6933691 784768.612945 117709.819466 
162955.431234 720585.180923 481469.281077 28865.6742987 11368.8430228 312119.597624 671679.405347 665117.069545 138541.677482 183343.855821 
733477.786617 553298.658898 732819.598895 139752.363999 349115.527505 150750.430914 486406.569775 244879.306366 345025.048313 473400.824298 
857710.845582 369985.857603 816874.01976 621485.659453 764946.131369 32915.0083528 921092.176359 875650.092345 949575.470568 679871.678536 
713274.020711 149230.291413 658829.35291 979966.498582 716195.759308 226222.395096 370692.472833 116639.43484 613078.609256 610166.860441 
436582.434147 288077.798152 111713.42703 73228.7047718 72128.9955251 538666.239871 159014.044306 891162.798319 899281.396741 127554.393217 
985365.862488 444447.599612 149006.296278 621754.034873 106743.035437 5633.01541594 418271.00695 262226.0774 532367.545465 735648.563634 
815429.224004 876933.314032 645595.901417 108267.887979 560991.248939 629521.057929 325392.536225 415927.120896 916770.184059 391894.779976 
713751.860898 536839.003398 771730.674773 81149.9885 409835.408872 419902.52625 573055.761168 963335.843358 115081.262221 371414.077661 
563054.655427 563879.697738 761482.825302 440470.45876 158347.924321 370808.981891 300440.060896 398478.522473 154829.590849 132.828661472 
210226.41788 300113.470307 216707.211112 509371.0177 73335.3424017 980589.169353 288276.482024 168623.346559 77536.6638121 72293.447684 
344123.841084 84469.9226192 67812.0493903 957262.914998 106555.770287 312225.277283 65968.2264411 249746.865176 267971.171361 697795.938454 
727609.690722 533391.603223 680884.317658 716471.276819 415885.996232 265865.408029 623224.261904 397050.651034 547123.587324 178801.065952 
400556.715698 58230.7864593 652654.004051 262519.77987 447454.843159 40218.5290772 400809.807453 589258.104959 771877.103868 634333.712536 
667293.577066 800879.601906 542753.433854 337256.241839 410944.932822 182494.78855 647245.786182 7000.10742415 806855.911018 438360.825715 
108776.54606 956062.772331 349972.611108 417157.858726 682083.289596 759843.501018 924266.094927 850455.798808 632921.160408 613022.888571 
561472.8259 496106.52113 286827.088615 652468.865304 188869.208702 375543.012909 968939.766107 691345.955623 496574.988408 458127.688843 
524481.196849 667476.43239 385144.030333 671717.794306 134428.010418 793381.705325 398071.662081 593515.768881 465186.272686 534935.564827 
273641.810835 872962.357321 543643.254066 520010.20457 727753.230182 338959.604979 27126.2911179 365596.18912 724357.532674 817382.676343 
240500.631357 5181.61510795 277066.090354 348629.396443 807230.805698 503502.095456 286788.545152 722888.970111 958418.594812 83238.3830483 
785020.079274 197613.903797 867268.651466 591902.365525 162033.886585 571510.783678 636119.165288 710616.154127 418889.534432 217823.6747 
796645.606859 488618.9044 701808.249138 764525.912188 837272.92668 611246.293384 442341.743098 76134.8735002 172468.205464 216463.312466 
957246.48102 11674.2271655 52581.2889449 3448.14194964 626362.736842 560669.768696 609265.637174 829289.262563 885464.654775 694629.040644 
12601.1811598 109452.194996 185253.778395 319473.534004 635441.192747 796724.917391 979341.885037 117503.021985 337808.684357 18003.3953349 
806585.298405 240310.915322 597505.941521 48768.9761408 142207.118205 456872.755019 468944.095486 9812.24343399 433677.954943 530440.249462 
794845.261005 517241.297717 508818.079579 367591.239044 32927.1410674 448744.677567 243023.790897 819084.923807 541875.219357 349198.508477 
999039.310335 292857.439579 714573.974009 107428.82501 907421.96645 431333.044445 435465.974748 439411.529316 138544.442421 99102.5308419 
219003.562847 95506.5037375 909565.584889 116895.733423 500165.04577 182651.250643 776718.665483 660562.311303 545780.098466 60326.4313988 
644419.500221 908210.033788 859283.520242 807832.145611 905875.379468 131180.445877 105766.011125 722553.260331 758465.085884 167406.711966 
797858.023285 450290.503146 121287.391594 404600.87007 931312.918591 666902.458182 443256.077428 996730.182238 409186.679059 854530.963671 
546410.11704 863212.22566 346614.198739 915455.205879 454342.483602 960324.935229 49733.3207313 12550.9529148 324646.941351 364428.938646 
496188.651192 183508.24858 253771.847764 374882.082679 693937.069718 443049.705879 544799.286383 409595.475433 546140.612131 786272.241222 
597549.081956 360981.755684 599549.759257 815638.331502 247995.027007 966814.553563 646041.869756 419237.229764 209444.607318 735150.03559 
294948.644502 142203.530905 111019.888328 973496.29059 508384.771659 289288.799127 895002.953391 350641.358303 12850.0155237 860644.775467 
878644.060025 28681.8223531 494184.685124 503706.472787 904087.29533 22855.2501306 85688.9074333 266066.634411 33217.9300583 220545.132912 
44966.1292479 785931.665699 779409.847409 735863.216954 259532.557878 765895.817208 819691.754689 72054.4518968 217485.594394 759603.691814 
637602.168212 90845.5543339 501386.090175 486680.327213 739329.988869 220670.18775 762572.929003 876179.977838 42316.1236413 764380.236327 
916564.363291 415706.300463 591445.982299 65087.4687519 547039.015916 664505.214801 551968.51307 547074.63126 584768.813639 621143.026812 
748066.468794 727133.155925 943676.435865 1691.9966038 121328.669592 909767.670955 632122.451339 142924.870389 820591.158797 753808.588879 
175323.98767 84300.1691398 30681.5873819 750505.023191 342417.566222 859141.854442 639933.65636 788573.351397 650666.062592 204154.621294 
132738.251646 283106.750804 141799.100076 642362.45234 509222.71921 886148.521591 603140.884647 848794.281061 776122.621047 427480.092767 
54973.9244177 67527.4779116 485939.682818 370263.30123 148928.138016 175115.683803 72996.5759481 719542.982366 255519.796812 885645.096983 
171848.102103 665236.640698 344930.377549 651815.266879 312900.365755 55449.3846924 545732.197701 920851.069634 519712.878259 717832.843752 
64606.0846487 437841.811778 669034.623142 691305.410625 117037.907149 741030.713231 540604.089087 147524.2261 376744.184751 430116.479832 
18030.1096872 555689.994202 614089.795307 669785.686548 230670.160391 837434.520892 974338.615014 746060.484677 543836.081343 474923.385716 
650884.496123 970320.459237 999896.939656 66803.7348945 434465.83072 991970.761187 471831.630544 515559.14632 595771.130038 283137.434641 
322560.916243 230545.089909 630608.816088 476853.897669 235062.890693 550708.26787 944357.00163 708355.365872 978495.794527 563125.353203 
722248.833194 593296.617736 992810.805153 423705.941814 61802.3863773 153615.100568 690780.293494 115576.37617 361582.539636 219055.567106 
977039.6693 321542.943169 979532.998902 810262.813702 485699.375305 618571.400133 396089.088965 315328.407638 238830.994595 294210.722707 
901394.303146 846606.102632 990668.760369 529349.324657 273307.346232 43267.2705805 325053.690898 595674.572522 939964.490739 931674.045046 
119522.358117 661398.81949 392435.565712 11164.1748918 790213.130853 827587.806809 766353.044946 364939.131786 329705.166702 767837.291328 
43177.4161692 678137.682806 190733.46667 397082.883466 369784.711404 655311.244337 252102.005503 135050.760796 486876.187831 373039.840671 
917157.423584 861825.811985 337671.563541 83497.2792865 57721.4474787 575169.206226 597535.194678 578847.54699 525304.120455 901192.129112 
446750.507159 832530.243133 459834.093059 450149.048229 777691.465986 603737.854444 470725.204098 469900.847672 969457.325134 148278.608659 
616873.189722 237785.237752 434159.660672 66032.9622366 628377.475184 803557.571423 606119.110093 58717.6511492 86223.6449249 340102.744391 
168300.450119 782750.053487 130325.778475 140344.998828 187769.467312 729991.582982 117500.372277 575624.538402 259428.231128 602751.846202 
432034.234957 905634.674127 113937.241766 368674.611117 504802.124858 801536.851056 896323.701285 314992.943585 616934.234108 499747.216899 
222854.319385 673983.371302 8656.56091615 847676.328987 339899.859524 586708.479188 354870.503508 472554.931554 470053.860556 462073.779642 
762375.609023 114406.031545 446316.560195 632447.59266 512519.289523 603354.51375 405190.253721 565927.90495 444992.915693 541226.595686 
87264.5658107 891901.75095 74064.4549075 842095.011411 764746.281668 95504.761328 31622.5998922 816538.724553 269934.824151 651494.051119 
99950.3217187 748652.978236 297094.788927 821660.619102 652638.047472 966954.828124 766721.456263 137917.109203 177040.841277 281772.391718 
532500.178807 678229.647476 170663.378311 913523.064429 264788.414902 627610.685226 651053.126958 590458.237942 951418.443084 426924.752441 
892226.065723 934203.800638 164823.058046 376629.001757 619031.993916 464467.993115 528622.981941 704988.366549 704632.868616 997381.372624 
637030.137679 62251.3968595 423981.577551 471112.899862 467360.543565 823597.642639 293640.006477 515234.019243 249495.626765 622375.278237 
279992.089327 289603.592375 488817.061948 361487.544826 504899.277427 509610.129212 548218.058612 56404.2445847 815155.572045 596503.432348 
54147.8566297 618704.159828 894446.204607 335965.992364 874457.81148 734371.978142 834092.174196 265245.711732 632100.777548 689539.268999 
191573.501436 780232.152917 562910.145388 801541.202103 943637.42761 983244.145035 522768.183284 364043.281679 308406.393217 275030.363819 
703804.269616 524175.778365 155838.959849 690466.832681 944561.791517 458568.019032 265717.665277 884340.016304 871821.004123 583353.245605 
330251.516355 532737.857851 235422.322083 912535.729204 547640.865903 880506.557112 437655.459147 57139.2209302 932146.574056 417020.58337 
852411.505561 24354.7993533 184251.569763 348513.897583 584981.950283 990342.907949 691039.538747 881260.697068 463172.113897 572112.877636 
641960.581018 243366.374737 935409.451992 11769.7846533 694912.909842 810422.250164 722994.333 137539.187435 332096.353906 706861.305756 
257446.739005 767711.852078 100996.488802 110267.805664 182808.909866 323664.267314 983405.830483 836742.541802 710196.674393 686467.449224 
551823.181844 856256.979381 248362.629721 955690.148202 211987.447337 798452.2951 461354.234228 900427.171329 329989.458669 637939.460134 
416798.259442 837801.412081 785322.906161 496046.596303 414757.221597 704726.352098 754924.334649 468906.271517 148569.942269 844785.315127 
752828.415488 737441.759438 303229.757111 91692.7116035 546486.732783 342371.943797 719949.580572 336578.611736 598310.493314 674554.854078 
230164.877301 341224.782319 352959.929919 331007.002593 214565.130001 106288.52554 31928.9332689 378520.22478 693455.635737 59569.523774 
696609.262465 177826.562378 382549.672331 562461.596024 267005.728233 630187.978869 210849.935203 928147.208252 837717.945449 333132.327184 
723461.706367 403257.57527 176801.431352 94476.2677784 925603.724681 758087.372872 436493.570275 640034.586742 161302.960356 914388.344192 
682492.53398 505020.764007 623225.397999 438712.036598 495960.020312 714846.418378 104473.870728 480158.738306 195040.641666 129507.746227 
553185.127191 589437.23045 195691.990773 691290.19992 235048.184862 741986.716509 369873.186524 224926.876111 544050.363943 659449.760569 
546409.563119 281179.713244 344780.682914 560981.399295 98622.2024059 89892.2953946 389807.63556 349764.054044 104544.034388 844071.110063 
859213.621822 325864.521706 480925.842516 356264.079778 605802.29232 177142.481622 110554.61558 19422.1410855 24844.268288 588630.022267 
366571.968672 93721.7895257 522005.095559 829129.07169 149862.749541 607529.115391 349426.804087 15928.1334082 412645.892363 206562.64481 
314045.066709 574761.164206 89132.9882863 644278.286608 114483.282552 753342.820913 551966.767688 51630.9290227 682805.6105 224720.497648 
85154.2013708 303761.414188 744191.802465 527224.593291 329599.980863 364333.195566 743243.02456 190239.749998 361486.298732 377496.83872 
596152.841494 341746.57921 180294.229762 931162.707662 672032.146049 577501.79251 672132.736653 591955.629844 829526.156265 949870.648094 
839104.443918 832744.07881 842562.281903 714616.399045 804213.211375 529526.113281 477871.067868 3886.82698907 859336.765452 835998.886311 
266101.30625 122719.679551 380333.464714 979307.590097 681144.874149 590011.543372 201867.458728 680136.887871 116545.639909 533975.401607 
318981.129561 380017.384757 945362.647577 667637.062309 623454.762543 937706.588844 903990.635287 447522.687173 380535.732901 103880.314165 
630215.893926 165286.917884 566026.477365 774957.226119 748952.621713 313879.946546 681143.743497 315628.059213 886451.29075 862735.653647 
769329.452962 266776.844477 282476.155771 403201.774124 306738.777438 791647.182827 366719.701054 874216.174638 102304.821541 754865.278811 
364487.092048 336634.627624 686079.94822 244387.543061 26441.9597675 672406.129421 966923.413141 349203.923868 129143.605554 670661.473598 
945785.378928 883632.447264 116842.1907 623467.213588 251841.437116 961355.366332 424751.842232 449444.42667 938049.929804 23591.0664287 
975029.242786 826302.560127 691646.608934 244838.728033 337051.599249 329330.678341 344885.901576 298017.631702 586866.878051 886423.281716 
745326.415881 765012.388586 514981.219844 48877.314272 914658.416883 603323.213171 179113.37205 504523.145195 847762.753665 98293.5381678 
294066.587886 300298.429637 425755.813133 100665.769914 281079.528553 531421.316277 864164.281851 779469.709588 167693.952299 942979.427209 
762843.918472 381801.777638 302014.134481 505200.559882 444290.627645 689212.304032 160713.294793 781586.636198 322616.071221 231670.866399 
78931.1334656 535281.355638 465222.014954 161309.142305 98117.4281104 435277.892432 956204.416861 732483.423284 136664.062732 37023.2677541 
388656.771713 773418.792715 779942.400561 936972.608622 685844.280526 471447.857266 227232.257799 237105.958018 338515.142155 902024.261308 
77530.3668636 735428.680545 658869.296945 615166.644243 276742.341547 832873.470779 508521.484387 512293.039582 248381.073849 55883.9024265 
646750.417749 774452.642583 554840.131572 123155.145191 873448.326067 634925.461495 603843.651501 395021.858163 751813.936499 791847.920726 
767409.912512 789844.575408 41334.5941128 530527.509546 86808.1727512 733686.505531 29901.7721128 959525.671964 221065.938433 75293.0400615 
724747.99468 436311.366697 175394.941788 801371.52549 248888.826957 557949.366452 160349.060191 669641.981863 423706.67795 968642.691913 
799232.509111 279844.743609 288119.347081 357330.949731 382311.990947 655801.90102 955256.883145 285767.900304 916598.75775 403950.356379 
361385.126795 230747.326896 917182.530408 948397.947671 574799.096519 428825.082397 493038.434613 477042.214898 728080.197365 958071.46808 
666704.676083 575464.408533 43835.8405893 287533.600146 425244.118147 923257.963697 23796.8260142 366570.898393 479593.841215 213367.421572 
859474.051708 30362.4180657 917260.139154 545471.990439 626082.721506 979598.558223 127515.472133 475272.330929 793189.206486 635487.919251 
973916.828812 987586.823148 770693.649488 847997.935147 960065.784569 216351.713259 420295.310207 321541.487427 83230.3789496 676068.970984 
528667.639677 89614.3480561 724752.33488 94212.5269235 262516.357718 733866.327335 62974.3962721 978211.392038 370106.08631 888247.239565 
527541.778236 330160.906299 292340.905787 498257.438128 656105.306755 650173.914543 150726.538824 991932.410294 640380.394338 473521.188568 
386344.94254 706594.733416 842161.898547 857073.854049 403326.170668 291080.772242 667888.840398 60101.1856236 903366.259944 71212.0054528 
644333.989423 578996.845007 38420.7890955 905064.225923 261494.766358 391517.671544 789796.483419 7704.79554096 948348.353268 611243.846324 
398531.47549 301900.737995 815484.714254 399445.035149 362332.093859 813453.842042 151876.930623 929322.495487 509814.426567 687710.206208 
205911.344042 497158.350527 588360.318402 435301.390866 789043.116231 296078.075133 71402.1078617 630138.379272 130774.719942 140082.848851 
992201.042051 766558.205655 520343.534154 90722.8602523 990957.300723 751141.505707 818084.012762 46016.4409717 803305.515002 83286.8629443 
546342.192063 742696.172642 372381.915934 191818.250419 356418.279996 474206.021015 719383.484246 377087.179116 763766.619492 743169.453602 
322922.354796 230099.549598 99712.1257432 892971.070316 73856.2791769 668726.982023 646705.988928 119611.153072 695169.47938 212869.315953 
247137.726126 549921.461651 806896.348526 788708.903956 949424.240509 635337.665545 419710.259802 884481.891581 116695.267151 84967.7471491 
942181.845527 338217.825514 597324.754446 646399.959969 977179.403399 828516.38952 805520.427461 816921.585723 974782.164537 184742.374973 
90769.286911 929363.201639 894663.94566 475078.43639 814878.426717 564377.97336 627344.94125 884617.421443 921398.19724 157755.148867 
922232.493401 98270.1701557 104751.653684 429614.686471 511180.818069 23006.4748861 851592.023444 767574.179513 687795.012201 266942.166524 
434462.445498 460929.994601 294334.181355 849338.29003 914302.102184 255573.891398 804941.497704 417706.814263 194796.910404 636672.852354 
691631.067638 38238.8149695 598963.117389 574752.742838 27106.0381709 446928.264755 867741.721368 280457.802122 77132.3518484 904620.680342 
37371.7001596 140977.661982 180061.594114 944463.313165 626458.510388 494108.63718 761549.845804 647394.935803 340258.690431 741361.080798 
193311.494398 988089.146004 270790.056505 221860.112032 329451.37461 37826.3702081 410720.944868 201004.577978 440225.133455 463341.141406 
757567.311027 972807.749607 189826.208615 190542.395764 281458.228941 352119.48733 864223.511564 246746.683796 491011.512516 2388.85749825 
431530.783704 903948.046825 149649.460898 130523.446968 214699.320801 560889.888766 225927.250876 539685.33946 385389.543712 242824.951061 
656620.770533 777405.455327 559751.167554 527005.256465 219668.59606 9330.86999164 409503.846241 112331.550543 805477.978445 910944.765033 
479362.615428 308167.937218 809278.407334 493014.634874 163398.972148 845892.51828 395776.302422 107751.36678 765045.790174 285915.358478 
287113.884421 677652.21038 99305.2316733 411363.817373 899837.831784 502581.381485 347823.533185 889532.765311 645959.440934 659945.931229 
329010.735747 495407.261376 452834.410283 683498.594397 908768.503756 400777.87001 618334.444227 739320.721123 898009.053876 248038.794976 
429613.911282 205175.191796 981029.866543 752411.276046 10652.578643 72048.5097687 105401.886356 237267.526906 280585.82691 912820.030854 
371960.95502 151583.86559 126870.810649 190009.100098 719013.68941 102127.012694 790773.102955 5736.23419951 318065.488112 755575.462458 
752519.559306 11271.3866018 167258.666357 880516.236696 341781.364016 928141.430086 242288.317205 948949.981246 343637.899037 904164.963709 
865390.440822 426216.290081 797324.160607 885360.97535 343640.310164 663751.189308 16907.6663428 733916.684182 693732.191343 318704.809698 
720225.355593 215271.030426 503620.668497 863388.864221 888.803200851 121447.883309 328544.696535 364573.092986 142279.643851 413227.301448 
283972.893163 906312.672321 114283.245858 260924.509905 453837.131453 985478.028097 808622.306345 726620.478945 283828.330465 694936.191642 
122776.126905 419039.509335 869803.017925 908324.425924 103143.156493 770901.481202 833936.53209 812213.125535 607936.054851 953716.628451 
640232.256231 320139.698218 512101.918707 348129.684508 848731.188852 50520.3924415 220419.133389 681413.706917 682980.575065 414020.274635 
260763.875207 422651.053176 964502.839684 961898.589343 275167.999303 63158.607741 571716.339784 824856.499023 557318.355369 966209.912187 
629064.422952 902155.798986 493660.675299 674348.964061 455684.903442 537905.885747 678792.55492 925161.110617 41849.4803408 26787.1649325 
782983.301659 888263.272065 179650.903507 131070.311465 287994.285852 242009.877932 826316.744581 926723.894141 301554.910434 487675.75128 
989394.453341 486565.652383 119587.157296 402310.033754 861547.074328 639945.522219 391534.93944 309499.267425 993358.876801 103238.851328 
496462.540143 577444.837228 2674.86015171 428787.373384 59130.402316 508986.45883 785326.571756 441648.13377 491551.251117 884919.241179 
533818.544238 382568.644072 481426.845504 326372.899928 997679.516195 936077.928452 905633.13213 297940.465913 116823.007103 591830.548875 
679077.470927 970182.043193 211260.253872 983124.569296 876571.698109 378332.951272 2576.61467185 682955.827132 978113.398557 974480.939302 
498517.878999 892678.717781 752437.691064 132216.501264 547872.827345 612724.775057 91186.1800117 211206.851021 813985.184545 587132.125055 
762887.442945 125945.403227 810435.739146 319709.975118 249209.653332 972936.401448 193556.970591 515944.695249 203472.775787 110695.914481 
716962.765593 184139.602043 542279.588785 559920.136597 357458.654856 336019.749888 297643.656628 338503.007917 429111.932658 690760.758759 
790465.013053 625312.018924 479462.821247 710109.428891 481994.813918 76470.2335975 987122.801117 713206.754775 606242.198087 699263.309609 
514011.826928 80106.2932711 68998.8059598 409058.411947 104778.104454 818187.941521 610376.629872 907082.452263 128019.530779 75405.5109883 
619184.996001 948525.9038 430899.17508 949304.334545 820765.17933 604103.681819 955213.740958 432057.030832 569072.776256 738569.88003 
381220.194453 350382.578216 508947.378193 952623.531343 475785.794369 336226.945402 108910.690896 640574.375501 714861.577715 558571.790179 
683100.788459 70233.832236 490934.267671 219396.392697 469747.085975 25317.9045093 302812.757075 760771.977356 160674.566127 347631.723328 
261510.967669 126476.599822 635435.350088 118259.136814 368750.628381 379854.554507 204464.869519 460608.569651 462860.054637 137896.236973 
433761.735686 625890.117063 649800.699996 202919.541913 206929.306447 507315.841614 412646.47166 296145.262216 74343.6020326 250590.599372 
272985.03141 261600.511356 778291.059806 265803.901648 879982.4346 234005.636801 807205.880544 676082.610557 80300.3189451 546061.035706 
498397.018024 845928.466765 596796.722414 804906.725712 889021.211889 85156.4118731 380816.775784 862019.918238 209386.755486 721439.293722 
616929.889458 161899.956502 782453.519342 269512.174963 307369.293843 640326.198452 118345.376635 993789.73538 159099.152348 141221.065157 
931588.622884 821784.726551 848403.916738 731517.424085 192747.621114 1194.51053478 969916.497469 436700.063014 564191.550013 378084.874646 
284593.470296 144174.207721 739259.549344 615169.840209 518434.29878 241749.985302 805787.134815 852547.702007 515860.477258 111320.668727 
402101.625555 716774.017912 176641.598559 947621.417992 131252.927423 212648.065992 885478.901253 392803.235911 332725.989953 678129.533335 
526204.647858 743453.003159 850034.080976 803487.668672 823839.57189 531237.389189 989746.93365 283624.663168 63526.801442 823501.024543 
289859.973 695340.711854 176703.716886 453465.008999 624886.832458 159436.734507 134246.384111 226051.176348 851109.054503 442419.439313 
798907.800561 662196.021353 754112.018027 187924.524672 597345.102073 464600.878707 256930.191457 107716.741244 136565.312361 576030.991277 
351554.864129 349088.93991 420375.247658 354100.610213 498961.189646 901817.701855 719848.610316 170034.508306 940448.976791 736516.646572 
865324.150328 405322.99088 83340.3872698 42689.477655 200673.447861 219754.834812 269861.976757 951619.056362 616690.424036 419176.223507 
134245.911622 741984.596437 173651.54671 546285.415557 466192.616993 542009.000584 76807.144136 827540.952815 31465.064599 489785.165288 
24396.122422 55806.0412578 825886.970826 770564.270552 965939.263978 283538.238797 591522.471141 148295.147129 159345.245185 980944.951139 
10371.7398873 397889.671287 841081.437489 640354.090514 699792.330579 377540.432729 805497.240982 423061.942297 8390.27604021 482583.71925 
228144.046455 548494.900324 752440.408878 476044.593607 778702.212692 290505.002204 377549.950438 792755.273211 370584.71029 113097.027562 
448659.036141 880758.091032 464755.008914 381086.497853 330580.916785 667442.969737 750553.896947 204836.149863 569459.171229 881827.347597 
115390.96765 698419.488868 194353.397976 802908.239623 950873.728048 67096.6165277 830203.147519 583706.518077 925745.385325 157872.312861 
27072.8034155 246185.024893 856689.310237 51246.8563011 309555.036545 829215.663422 355531.635112 115445.798257 2640.66869715 195643.702066 
787875.287157 358752.761302 11495.7942033 864767.398228 888797.247546 847068.51161 213273.725699 321763.962487 32514.2931149 558139.402298 
141626.234965 952433.249743 404320.957368 828813.347923 951345.169708 468432.412115 105697.757913 872864.48776 517038.28019 69099.8162198 
89919.1204036 260800.415107 639198.372813 689123.556895 924669.618526 968838.771246 902392.224042 540032.07104 976540.938045 919395.763627 
893465.752628 797582.19494 485473.405093 282764.745223 238425.411945 180792.617308 663171.037961 211251.988561 834159.614306 775591.414149 
498011.504957 874622.189073 368453.9925 857151.847529 511638.221459 447346.621469 384201.073009 23545.3201159 844204.760719 124771.826455 
488103.440178 562934.376804 45862.9356538 869091.042521 848480.955988 404441.478576 962796.119751 91684.5473546 724476.55998 349881.162793 
959606.846059 29203.9824112 848479.959058 40872.082021 266403.149145 671583.261291 532790.314299 964024.72581 106364.06061 558760.384663 
220863.669667 663371.572928 569312.461384 962396.874184 201734.534864 186211.972515 747231.592662 968359.327611 212043.924494 440326.356067 
349408.876397 150585.701714 93054.1704644 162544.9446 543540.016147 183387.319739 459236.108041 860249.096077 809959.769326 389522.863731 
519263.067079 267183.729064 658785.557836 732207.40862 8454.76540153 791323.369623 233163.029371 640196.183938 315202.795935 746394.024628 
11323.1207853 563997.631516 624844.77888 25869.4927918 547206.384301 930612.544825 405813.998358 988374.55415 336828.862536 798597.163683 
407149.297574 760338.984555 616198.563879 115436.308819 377235.009475 205486.051317 597090.312739 352541.310313 757201.560517 506931.102564 
741078.258452 212972.841776 549831.410494 740507.624278 488372.497321 974217.208692 887599.328105 521366.230399 977577.546157 233013.491418 
310826.229635 721523.247182 706777.208765 902072.698881 216228.106094 951821.109895 569535.491393 776984.690815 117482.414274 467015.184196 
985779.560932 287682.307352 372651.870865 933064.093575 995377.224118 975274.679277 462520.606092 934849.614727 470537.384631 500104.96682 
31941.8419504 255428.025003 339987.927757 908490.975606 80355.4227056 144274.771057 420589.790057 242605.270497 448474.405111 590107.319164 
777834.499219 436184.205479 965396.550298 905611.094464 502784.225938 618728.98136 34951.7070615 604264.702253 649345.307201 787814.249159 
916931.79651 943399.265747 431413.177203 534462.870837 990492.569316 912218.312085 565736.947282 493355.667715 430825.138958 761084.960236 
59601.5756938 396836.13564 106997.699465 962617.324194 988639.015661 217058.660794 500569.476942 492533.529471 447964.87122 981940.938264 
105156.174618 380448.671078 968219.503127 503192.155077 831479.92036 504835.643336 140716.295284 854067.256472 345814.537354 465233.954718 
585727.37094 428069.26013 26353.8183247 783518.175302 200408.835101 930804.004195 132366.60683 964438.202592 140796.963336 330286.814798 
54229.4518552 671658.596076 517723.870845 479473.456571 835642.34648 265457.496477 740539.584666 949751.673949 345536.429792 659955.839449 
782766.717899 222054.416255 547572.744744 322605.803658 699349.901633 976068.881997 822782.181572 702214.887038 282754.155387 244161.633049 
621872.126254 682134.803971 733834.05786 767734.545727 841914.234117 638881.503036 987807.313507 875014.217006 5825.77130467 978929.273451 
814467.009534 98185.1116396 424018.700661 657735.856323 206485.609522 599269.829857 281474.328167 337849.890247 404595.397362 714052.802428 
318667.440064 46854.3031198 496976.943521 587157.601622 796021.994654 447395.081512 369366.930081 524308.635637 249088.50767 424382.004335 
185581.515758 750370.009056 666925.967318 260473.528157 359031.565473 964944.973772 102043.350463 881095.931528 655739.551636 73617.763736 
332526.903319 74714.3950237 188958.808472 879324.967756 7754.65675464 166093.573665 951497.553702 218262.986568 446675.302393 142157.359133 
187271.21807 447940.161329 485581.492459 223994.654558 583583.640877 391453.537504 71676.1533702 970718.287962 654596.160871 833441.477293 
610491.131844 65816.5234517 640396.833515 137130.622761 595772.036488 789633.102818 932022.480735 836861.222916 684089.421604 61535.8094647 
867044.284331 869508.103132 942958.642299 52022.2383918 422605.622367 860782.531859 731735.017337 380588.894532 388063.179907 843501.364632 
253982.633043 930004.273016 665784.988944 747010.18928 610805.895279 92380.277806 666437.470825 976504.642797 213592.875278 485364.244865 
951623.16432 79887.9730417 747127.414971 12841.0997565 282365.523063 313027.637566 23151.4433496 442191.743991 810296.329179 276153.79083 
981109.148662 829809.722709 670323.569152 468183.554218 371488.114982 407531.093065 21346.3763499 818303.360885 527279.576716 28040.7315725 
878987.882982 534113.460441 480259.835946 655061.376869 835199.441188 692647.624861 914219.063216 194384.782478 73880.7733518 693176.113721 
464712.661571 454101.269779 718609.534838 213289.926538 931037.882933 868246.944958 807320.313091 246800.642783 750276.634198 578082.656728 
989686.379575 918303.546693 560523.376843 208797.709714 225256.166291 773656.440024 95595.0879936 764707.477967 849727.072255 383145.889511 
547287.641557 212672.027647 372018.269596 949848.985782 408868.817347 552975.09447 232543.890206 100389.218714 72949.7908359 585390.088039 
637190.867089 910384.456289 714727.950188 272881.465037 884474.008899 42351.3009221 566075.280347 681404.557245 774891.165017 316504.051016 
58428.5535295 180110.196156 886091.844699 466891.094506 351132.300906 380551.476189 955147.599727 467338.838127 529352.792925 842277.575798 
485549.787914 207677.959838 854359.294687 287855.956913 432230.296954 831392.564753 23004.1951186 99888.8031369 355220.329356 489499.567921 
936187.660615 404649.433822 869636.074921 788603.237805 317589.430594 154764.302916 889304.921436 323384.536669 42270.7784411 686171.420559 
908302.385692 678015.308544 618284.556846 522698.991686 269187.903021 776509.09602 208867.538305 106073.08546 919109.605387 805168.777482 
47860.4625236 722273.11615 42859.6932731 859458.190116 396741.250712 911669.077915 697577.31497 549297.447553 622430.668743 400297.60802 
333547.107199 790430.721802 165087.487156 177614.936852 563707.533701 899100.708688 179074.694666 851514.292998 258239.325038 848826.279169 
862096.525201 483208.406176 109819.903468 324012.879092 214905.496776 242678.914402 301471.643882 627927.898507 82877.283537 781197.887998 
216352.820221 831012.557244 172489.899085 587297.872455 324006.894329 178747.719981 424183.730132 943424.311172 198320.679 591257.322574 
412873.439991 561312.300813 870918.136965 450803.449622 373211.334706 498142.120854 183296.009405 511759.116525 805963.365557 121723.101637 
177962.840774 8572.95713902 39599.5373898 699538.20958 707667.490873 137773.479391 665219.472891 340741.808126 767267.597857 482818.658281 
73776.9811998 241850.032065 53198.5053737 885104.949469 133075.871708 506058.716941 358177.388602 53364.2956553 377723.417175 964361.121651 
515672.671984 785310.754308 420694.464413 673546.309162 277244.10268 429416.208456 668817.134467 556975.815393 206748.774239 265832.686223 
199246.225074 707216.699691 231504.973788 379840.945891 223883.708019 229884.884395 124787.290436 364848.642345 346587.936454 305120.291179 
724384.898324 468530.80129 755564.644449 439069.758194 254502.694455 122070.597244 65489.0657769 665816.620027 914300.316551 785068.445258 
766272.56369 602789.105095 933933.82968 68470.0015967 617669.293031 426081.075508 364171.976835 24886.6615511 518538.825895 232463.601732 
793081.159574 730661.386358 686246.803992 840451.839423 65235.5938 628083.340739 214167.257455 983319.025021 634361.784198 622189.475393 
247307.493064 766009.412513 55283.8515491 823128.809839 633987.306104 512269.746559 537267.747783 181535.668411 638879.825741 882883.706466 
293538.610368 986769.976949 725252.74216 766432.125377 344797.711928 177878.315364 457574.776161 624095.204366 238703.147408 930967.348594 
698756.831119 693267.831997 557125.18334 807193.540552 796002.359572 470093.877321 480324.131269 593000.701729 696968.525702 79035.1956429 
638308.505489 264323.736519 885007.18453 908174.999481 416027.594171 969460.280728 479341.280077 41014.1504916 368597.130192 449128.219967 
835291.880512 519328.711479 791011.53919 315906.424687 388560.93668 843269.021362 142741.848917 901522.119411 157643.299425 113587.673122 
507686.718562 160314.990448 257392.175107 696145.608865 985096.710485 318691.445804 544487.864767 491100.396151 548076.189954 852293.598392 
533903.006682 779774.443337 441819.794194 706593.191438 151296.126194 846334.981504 175233.287506 541415.011848 741589.655554 909354.358258 
184899.979397 976253.293197 367678.247803 326396.159051 983340.094104 731283.76774 571175.593132 450911.707486 797719.433566 547969.910984 
543893.807424 8675.61725028 94903.8599912 277816.328818 616905.331581 375493.670589 335244.457647 250238.114704 153074.128605 692229.835418 
196617.286854 841028.2068 462178.72502 97998.2278673 204772.006715 874158.731774 649542.093519 945329.134139 429324.098097 556941.952951 
180051.245825 687215.851112 518478.335057 88887.849899 813261.686911 28946.4047292 629055.398965 270718.347236 183406.990165 680192.095347 
228327.59484 429726.22398 485090.188833 638326.439897 69480.0263364 746522.141818 413287.655386 354319.211598 138517.32009 667951.471689 
845521.220217 713073.794429 755583.368189 40090.2997604 27987.2769994 693121.022559 424487.904954 947419.354227 812769.755266 847731.636841 
478629.063868 294484.392147 71552.8685784 293324.749869 517032.891634 922933.870985 305722.279001 289914.445503 544388.044923 343607.284121 
601862.255957 758683.396163 377210.450037 32461.196794 668661.484193 117979.89396 35140.7327244 416170.619432 514070.189967 173395.903205 
338310.581213 353988.496727 434444.240027 359871.378037 21346.7117708 436481.087532 541284.634538 149775.788034 973029.667593 22200.7233627 
618213.362175 977338.411365 641854.466548 940320.593546 207810.972507 401635.530853 7125.67396591 683958.349363 517022.250301 857547.097384 
946461.8141 182743.091337 990885.55433 671317.746517 766023.651199 593642.168173 135383.462023 523665.774408 270026.261938 155173.108075 
713040.532861 641399.664292 376743.410971 1854.03899689 596059.221499 560353.963487 375149.489088 787241.63986 590698.26109 774208.048192 
829471.075171 884333.48999 442392.778875 929281.479311 324794.234098 777570.88357 31344.581153 689906.976619 303206.058989 355540.396504 
422186.882415 77983.2014372 999000.758295 500008.909738 282371.393955 911011.077067 365459.565737 281455.098995 306738.135691 188537.368032 
484700.385573 881894.36649 63250.8688557 56233.0693728 584289.113053 192841.415519 7398.64358345 391700.254495 991695.366683 841990.309739 
471822.84701 579603.722443 17697.4160912 629749.309832 388811.030072 902478.749845 324234.362292 239483.103828 962480.889811 878479.03642 
412848.003279 538119.45586 881420.572127 78605.6671517 744336.756342 737448.350344 680773.297158 630748.267994 37873.608583 204543.056383 
826109.070827 296371.019822 461729.171221 97382.6915469 77304.7996149 313398.672863 212108.438762 989418.622587 155849.172173 653499.892761 
362777.680534 583235.177859 695475.18649 394227.692492 330052.010758 325357.790297 705131.912554 205868.510826 17345.0136844 863758.645659 
553760.770351 693531.240676 710957.49168 979935.174443 762955.518786 611832.350157 986342.807695 897862.020561 746788.395352 499694.009532 
700566.857571 791195.936201 163645.141597 525533.172849 706033.702032 124017.485065 557106.170331 617178.127218 603917.491077 582831.620219 
818990.243161 939007.266316 381713.560156 997141.009702 753700.8608 198488.911566 285002.696696 352604.120797 722367.642246 65075.9548543 
471841.178306 308736.208111 373473.848375 967360.935467 236861.553419 494419.543515 324486.340651 879669.724423 217802.3043 225309.216848 
139559.892858 674230.253679 988940.776808 615247.219763 635646.895089 356038.379443 111549.0786 328655.595545 667442.699505 76403.53602 
864046.455642 720286.66837 972770.120636 702080.62419 878132.593804 927821.49103 107875.839426 214946.886892 239236.531858 87229.1080801 
929032.467362 797942.821303 76815.9599728 506881.60279 879595.59148 606226.128186 426059.611531 246365.957706 701705.877965 27102.2521651 
510787.766956 489655.014686 83343.6597378 425448.586049 933588.396511 129329.196879 444586.581535 112585.485581 482264.16146 46416.5281184 
821066.670377 82772.6542927 76199.1746456 331522.742253 85669.2368884 278029.434065 655698.373492 107733.93193 387598.42373 495164.767326 
36515.3458379 775842.289751 446435.745795 388693.843868 748189.003854 43942.9813617 620866.325758 772765.332376 197373.046851 169923.699011 
693817.306293 850836.436624 623202.236364 828096.521789 692062.259167 665619.624926 140760.371202 24917.5353651 927487.267064 567042.240281 
639913.874804 244922.821206 189667.973077 543845.969995 899671.079004 417436.314684 685700.721046 186358.51746 922714.577251 786811.15237 
159512.857744 866677.816039 527000.159663 60943.9701936 243077.265686 445690.120893 354589.528557 574623.119738 686809.743343 459066.351558 
22070.178859 552565.543321 240142.060947 616512.090922 976032.764652 43896.5887111 303378.983082 904434.33798 810230.433615 399781.180432 
566657.377055 867348.4441 693773.32262 494282.622072 634886.825437 122572.741146 265786.330673 544417.357821 687266.038859 112860.517189 
500952.59969 517638.953908 74894.760248 754671.562798 18035.4657186 332636.949467 269619.668189 536828.807915 215592.061445 441664.479158 
548186.339887 681570.402003 393024.277753 244001.459672 494517.30087 360977.177607 927693.667022 259599.961579 265398.032263 4979.13763117 
939381.6499 204584.780755 134417.223312 135930.664345 271573.715413 611908.693315 551276.011142 588770.513757 508869.337967 149812.218057 
176871.748096 170943.69158 469032.008526 236158.653059 134602.839085 947987.175193 374535.314032 350407.16391 915329.695421 328094.233101 
175009.205081 45859.4056325 665928.927522 963215.646786 520024.534031 963859.276583 494087.439402 584830.833017 730221.902093 282149.612111 
695454.931694 510103.203613 477242.012028 920160.998194 886368.080553 587307.273571 211458.996301 924436.129914 565886.692376 526876.981241 
943482.359776 953276.265456 553881.365228 890108.436406 29047.2391092 706639.741583 193986.060289 796447.09777 224441.909917 309992.383132 
295178.602054 111549.247078 485025.176975 983991.974398 806906.769557 272849.507552 935415.816572 380685.429659 278317.450019 380808.186504 
733708.111751 666134.180521 193548.077477 53042.5725688 399042.855766 269833.271194 728182.566647 679333.438247 696084.171494 95133.9925437 
571436.018764 647105.42109 649984.130469 430935.403635 632809.803468 648017.444733 815859.245003 276135.866202 928906.058154 655778.529593 
216277.317189 902124.624199 236283.624187 634907.943464 679318.355452 461608.298998 417.683445667 132623.267911 887907.860695 11039.8925134 
608696.811625 125873.919349 87001.2707877 729666.768243 573955.465117 116595.47097 960854.00889 560043.520721 199202.590053 409375.876795 
329708.113997 830040.110295 983064.314291 446801.473798 551181.559718 333906.735246 956185.284618 485809.479334 833139.577293 128472.584991 
188541.373345 170509.005779 784378.541022 754816.148548 990596.64327 957727.469718 325897.603738 552992.877652 651949.594484 180323.791103 
837906.129832 630864.415396 547625.064858 884055.657519 368941.098318 483357.704138 461514.306709 942326.255478 243194.913291 29967.7927408 
244755.708842 36959.6119386 448458.374372 892472.371037 931379.553516 286955.517898 875520.004834 633994.523533 767085.38765 751145.611303 
160158.975849 203387.585644 324134.014066 807629.889429 964397.623867 542433.332056 766122.399597 857322.46114 832688.181878 520932.831987 
901579.252183 782070.413685 998848.300186 114309.237971 91817.0536054 645016.530517 445332.161503 7529.32080677 561607.764612 291027.131987 
825157.603235 717812.157939 571640.69225 903300.856839 326615.346178 708757.767621 180689.897161 757086.859216 607325.018823 405009.685642 
722802.358282 221437.309052 188131.083481 709362.766715 627632.927741 691674.636545 386200.057269 937505.088571 132767.877124 127144.795779 
268088.081918 835002.967952 189576.777518 218935.153435 278965.722306 457817.704729 86478.3426252 805008.234729 395931.416909 116807.783102 
918599.246533 213791.141843 274554.403098 589453.78924 309429.130542 230021.925646 244295.365696 690022.11932 302775.482077 325173.399077 
466862.790619 44523.414811 701373.769917 338880.382515 73051.1161071 677359.26276 4826.21252608 195712.011415 885118.931814 365923.507255 
298048.792917 535510.119514 660394.842439 283931.164391 919194.614679 660367.668879 191268.106041 386309.476089 47521.2366173 368917.037134 
903055.551924 631639.826326 161645.999775 273878.657922 129386.965703 608863.232261 78976.282727 62993.0999115 33532.9738623 484545.260817 
885899.691857 845129.024339 779388.610283 473381.004903 580395.610902 785467.448592 50038.7403198 56012.4465231 702973.856927 336311.956955 
330402.081192 773020.455482 686439.74352 47485.2053152 864971.065354 14208.5736118 330735.063027 476358.604226 574424.242119 310517.176679 
315929.685796 97459.7252067 477264.153778 28903.2786091 59323.9746199 980839.976119 752744.077635 572675.487414 300018.042631 71503.5658373 
370134.347233 818613.27188 62533.818395 676954.473258 146215.269629 705840.790869 968380.449864 744328.441274 823671.698515 175455.128584 
358233.53131 178064.771171 386762.367315 816045.755272 133636.287717 191931.722784 110119.260754 701230.21514 877137.322249 642063.490019 
961870.133463 717220.466028 316586.626293 886684.797252 339644.632733 534594.818642 807853.842874 898375.285415 831451.10783 322101.716079 
197043.910598 867364.482598 424327.820752 804578.000308 937593.115726 311250.098619 64502.5779915 225517.263869 915366.133545 141850.671512 
657028.26403 454327.937869 437795.111816 132940.695901 531656.025373 478341.889033 637651.429011 995331.199836 345028.677752 355190.602052 
719145.698685 5077.60500555 630827.924837 403144.918772 329277.959017 517583.191643 864974.550765 688636.898791 426213.485652 653314.553015 
180492.876228 962975.275674 823897.061837 969139.942786 489547.187979 946763.873563 885072.949981 884379.334138 234141.290616 617899.392067 
184870.279493 40291.0081415 687750.414227 10309.1449679 912103.745494 856018.646643 238193.894226 533307.064741 359555.273965 150868.991374 
98027.1320409 936484.753434 623207.641128 877484.234242 618137.448581 646443.743826 367788.161433 11814.2971962 496208.06552 207125.042311 
1196.64601377 705399.262783 542882.208583 456730.922771 53196.7732761 674786.893265 476567.301503 969572.130247 236375.183857 79720.3024579 
552167.938217 241724.248112 79818.0030204 154627.328298 841792.347025 99024.9466368 689338.970079 943302.728955 318607.960637 753906.516629 
856097.980024 250510.712454 267429.457294 749175.320445 637982.317261 146456.398997 133229.318421 927019.858614 571979.662601 537633.940414 
767034.09582 215940.264368 71673.5587922 950796.403287 64259.649232 730440.574455 763292.428133 455819.139261 888838.920063 654186.580239 
571377.741386 188914.951693 3241.40509481 414358.217547 538669.777222 633160.080717 844592.742364 857967.909771 974154.994745 201781.240336 
580029.248846 361139.393393 144261.154645 108735.410235 608438.724368 575503.077474 675623.9228 127171.731186 663265.876166 309027.902477 
126566.171802 410215.85952 340098.582546 49334.5555008 580225.848844 1811.4103526 964847.382064 242152.30463 181899.630639 150958.486848 
587239.038661 623574.658804 838533.125739 340991.508345 317023.810817 608165.164973 668599.686533 836388.624973 677547.561779 732478.056567 
93794.9306185 476699.678394 772111.861474 739923.260865 959811.424637 456602.528387 740333.602663 537198.148663 859323.086431 185484.037347 
984817.053998 759135.335032 679151.738866 520435.210108 274006.756271 908136.047055 875953.227028 690452.345384 235045.738291 308401.010688 
738658.799323 756608.586945 706244.233924 748720.28183 594774.794346 593031.771617 543423.632796 928132.888344 67036.9130163 787219.099777 
995544.642588 961580.727042 610577.078389 798144.702047 626035.660157 676256.93059 222210.162377 552115.28788 488120.751122 120397.513924 
337806.101915 623121.655898 162428.411582 192551.913805 232936.915232 232501.058892 808323.329305 192598.654076 322584.001059 895403.671497 
870904.446814 123474.392105 208195.128121 738235.262601 844452.169857 666678.886775 9700.50514637 563981.171114 814135.904037 668346.271083 
521040.497016 598736.493057 60823.6482562 146850.397395 772163.394172 788497.654339 335244.573404 537676.299361 997327.498977 410408.267811 
111610.603795 44835.9560778 868923.773679 846575.329349 956531.405628 773237.192788 725925.236593 698937.653923 731394.569603 110312.117838 
404492.72948 592315.645282 785892.57432 19721.4096075 312876.111443 311220.099541 22276.8134934 244003.202347 193810.239358 107803.302116 
106534.880568 748141.009235 677955.576268 614668.970178 253725.500326 723024.585486 393751.052618 749225.134293 827038.361206 223557.861721 
128916.956516 605211.627504 366190.634807 705357.437274 931204.866689 39356.1634219 597778.504822 146610.89094 626118.832059 806580.942778 
540720.251127 86332.8338288 755249.592764 428402.967261 112550.180567 532955.755643 167400.230551 766364.589668 276528.258608 289036.716197 
893202.700801 200148.127978 713590.52813 432466.088858 510451.849267 140151.752574 634162.454701 35175.4277959 378289.337173 288875.24505 
431064.141637 243658.611488 436706.969905 781493.922243 638421.745726 211659.939999 647883.998129 776807.314623 93258.4768413 467898.489592 
331999.66701 830410.671604 51498.0360028 359798.336906 512730.290239 778245.907189 10347.6491845 826042.421781 116159.323658 275111.110295 
568997.757928 993864.02339 852063.124641 126915.977018 394644.532521 54141.944928 127605.294748 603236.629305 592596.948326 562383.620198 
785596.06174 387146.71092 899761.769567 864328.236713 706506.872433 109776.350087 200095.159821 289923.924235 173303.089649 366323.857133 
910295.44235 339963.037999 645943.072945 763175.348429 438186.427666 485786.378335 154610.570306 124589.037605 895577.33589 91089.0690684 
869485.325598 67506.7344526 306864.489333 362078.16983 545783.097228 965579.041598 996359.99447 430855.156607 852699.732535 44881.9363197 
693424.305961 440367.109175 829879.957701 736995.009357 53201.1263034 116097.485558 187872.731348 864874.994628 248969.232206 244432.20712 
852928.841767 176957.808556 82650.6402611 31236.4341452 890915.494075 982754.385637 610480.327771 764531.147689 914327.328377 52285.6832295 
370264.475801 177323.32242 557715.301501 623102.819338 187315.306373 840604.530787 843938.278175 979656.730684 636829.823906 534808.907381 
626549.429161 949573.025035 449794.10945 74907.7922583 431289.548697 186069.783193 555004.607203 25897.3166532 165555.928654 873182.262942 
18089.6802995 59270.8606188 844482.755204 765671.815584 178098.115884 767156.477604 140620.350147 504490.76606 483823.378174 563242.998509 
644463.683412 359514.137153 325860.398743 948558.868605 806526.07692 845697.602756 298426.163941 311836.499606 84856.2290847 468174.278735 
757557.383349 605591.214912 746076.432794 734524.506563 520487.33235 685100.279255 742419.488177 61707.7092506 703855.181217 553021.735359 
113429.54 196774.799273 342837.563273 685246.540578 647354.302631 16943.2019716 721207.439329 386910.059959 783148.499845 684365.066103 
931030.961035 854802.152154 452730.989717 930526.681412 512972.606759 422170.326184 71857.539429 993312.723724 833394.68137 443108.428035 
568231.463293 321332.874147 245729.880304 249515.833015 151209.719621 880021.338549 224126.22483 427515.78526 855130.80321 654128.111375 
272944.821967 890585.800163 31122.2842979 162315.304831 413123.907807 218871.64442 676884.645893 422180.307526 145686.260113 443612.803292 
442695.918498 979027.638869 623316.016791 908747.128819 750954.302027 82649.8116817 219533.155738 447187.946715 276732.771784 134439.967375 
12364.1830371 38840.3447105 469047.374283 885591.027956 581795.184357 255661.496486 288316.915072 312862.288266 36449.4325225 570519.046261 
447674.690926 594995.303658 22512.9852282 407930.083212 359478.639629 582717.967063 471218.132426 263569.353358 128194.987471 246615.272945 
51032.4060614 872754.20249 804111.989915 796249.787513 557269.003718 99558.9666361 651590.551384 713578.165713 154748.212686 362884.855129 
845256.162386 714855.133041 703372.455101 495659.176764 993790.081544 2220.15319623 890670.7061 624991.010611 732862.71113 122579.773169 
14400.7216507 488699.817358 716917.122905 220725.179123 962413.932965 695666.226518 115861.423661 630043.621776 827211.147548 805589.055377 
227192.489158 263879.418993 748681.134197 808476.903599 137256.585669 384781.069557 678939.751563 428589.534838 778407.793453 377631.358651 
43125.0503356 871804.198215 782595.765522 57058.5000367 563964.698726 909858.531572 948190.561881 315050.698083 802726.176612 121153.013152 
527194.70192 351697.297907 909550.94164 318228.561587 360185.510896 605963.159399 198737.967803 608710.950689 578827.064667 875122.183878 
733799.516823 832490.80395 945325.259909 229338.120275 544779.934604 842165.229 946669.699737 924809.921966 464649.546643 220226.056365 
534148.459794 169665.792222 841817.536715 959911.803155 47513.9542389 447239.612738 643387.065763 579426.46517 495280.960158 422662.612847 
700504.747574 653323.821835 146935.990243 794979.325102 821864.971038 459053.380526 390851.783325 628828.578293 221736.442831 949134.472558 
688242.15302 433422.073437 396329.178098 486307.496406 882311.866692 573430.315221 563258.220007 20565.4126808 337251.660469 326180.48207 
544949.148446 877167.237219 122510.660353 878843.925554 358891.218814 848375.83536 339624.980933 980688.136538 192367.704311 220226.944265 
480326.136659 6548.8384571 692845.063371 796878.707023 811550.245817 218919.457339 454354.098906 272171.608132 527041.180177 889873.315416 
28947.8048114 905207.681611 484449.212696 232840.71961 838957.347099 144863.532904 157498.451923 247090.411896 247346.287032 716761.922519 
784275.40141 323258.292621 129257.434662 372.324116392 551765.291862 400164.42236 893416.856835 18181.5578906 824270.889992 353979.433773 
252656.856648 890554.739237 538305.32429 139661.95288 59747.6972946 688880.487349 446421.405508 552089.400274 684578.789591 599603.726631 
102524.917067 986516.029567 526274.390183 78708.8115259 477751.302222 778224.372275 577152.054774 140818.725419 842078.754189 395641.18334 
667874.739233 961945.349531 236293.127169 748787.970159 55788.0955594 640443.839048 899395.37206 223499.680432 385048.299789 547996.788081 
529231.928722 265600.890274 808449.182492 616344.794638 386584.329229 470475.293654 173846.304835 26840.9169051 847971.75249 927949.923303 
548291.558451 89472.8973454 156368.691593 126147.969856 281972.020508 989443.901704 168917.079231 597955.799277 96580.6836717 271522.037723 
188055.002431 680064.367909 670966.872559 158569.721332 453234.020466 507141.423723 818799.342821 824251.121109 901283.878958 896945.593778 
216101.682823 465249.01817 294980.158045 390159.651552 454680.718943 300850.265323 297558.057258 668708.568805 630310.755669 239539.294472 
102106.143744 546787.316063 619943.661249 356081.965371 241014.499029 725436.306401 77516.7322568 560178.948216 583887.11802 521744.716072 
936973.784912 440094.576608 545801.775427 280116.247679 163939.796274 709331.159665 427159.45554 773130.92042 945220.695845 675940.511451 
768837.199389 121781.540233 663346.032962 805502.874431 115069.467947 685763.614992 738553.966824 821431.11535 785818.788977 403847.694344 
125522.614099 623119.659047 855694.012055 757884.431804 197741.438229 455686.174769 815933.774665 674129.031808 59154.2795406 394604.079752 
800056.114461 585418.609742 869386.251189 805684.660088 123047.524451 454673.078071 941677.704409 664583.28452 608036.198927 529175.089166 
28977.1673923 724708.597779 782753.299938 631695.380563 88995.698761 195211.049821 375060.06808 704973.82926 446551.353317 765039.122436 
45955.1502004 731766.549893 865450.890898 265290.771389 228211.846762 236117.777825 398856.959433 176368.713264 147798.828479 981630.187374 
101055.750929 509736.74955 918723.487713 629918.734665 926518.51043 758401.043399 124509.878064 764702.665107 470231.193966 355620.852719 
327359.716727 75457.3436799 779435.316467 154207.993663 495865.499599 657797.727982 484268.25441 330502.922453 874438.217811 256310.869896 
486538.854552 701443.938764 740208.52889 236264.165894 344811.740047 858645.983616 760302.287337 159250.389223 317203.223775 106827.166478 
606397.336054 176773.029563 630874.225965 798878.216179 493199.601555 225497.353471 659110.42092 455044.138494 903869.351021 19972.7776989 
258124.692176 301365.789233 241576.97321 817419.91686 971411.126099 248266.754091 880987.86946 932974.769804 692333.536876 352202.795434 
283379.661922 854971.633161 575132.530199 177924.610379 303947.406135 690059.701114 449722.873788 430195.188484 713143.82152 535645.440107 
274579.727389 376762.600691 869037.395885 544556.470285 353311.224167 753242.416421 446265.494713 792292.533642 657118.774451 396468.821937 
957588.27331 407563.338641 911510.989628 31691.5574389 694802.344364 387723.197257 500191.039151 89676.9513462 351860.008291 473722.658443 
775285.144897 986169.41629 941032.150745 252208.561718 714433.976776 881356.217458 938476.838856 327999.311477 759052.492626 760461.838832 
906752.212457 679514.273574 22393.6119554 458462.843305 532132.398078 555698.482993 159962.198035 651491.023534 457000.69764 594781.17649 
738926.664365 792384.245498 501389.940353 410586.224193 952133.584958 449738.643462 339104.20992 116499.734868 276836.12338 27147.1050958 
452056.154747 248742.841272 991503.084834 739676.000349 439649.321925 413578.024164 989041.173972 901042.52502 762479.623462 14163.1989042 
363162.788797 936798.99491 331760.8874 767427.865831 771934.593741 7419.61250008 463919.885652 837067.684745 308518.084127 611599.417072 
648568.365122 590329.047932 873286.761476 687881.039793 57131.2156326 662686.034127 656097.480638 815621.459307 598862.452246 503011.81328 
287354.983931 232609.659172 640555.033732 28884.7933657 651349.443247 946026.321204 8597.41637471 841905.851498 703676.597879 253020.716985 
999882.383946 119560.649708 310428.627461 222689.867504 510400.56938 395966.666147 836626.968122 547990.040071 344656.374468 810897.765107 
741411.537536 423646.17181 516327.930895 533854.916102 627049.50076 190291.930537 770602.551657 935074.105723 71499.41591 256186.962365 
20367.0291687 159648.114728 877413.306325 877595.177678 319818.310539 449713.066324 684753.894789 197357.556748 658721.51509 33763.2690724 
841384.14248 31396.0957545 320176.463177 924901.30689 118588.894664 312446.308579 321815.76561 823517.332973 462465.648771 892630.421678 
937568.482907 719718.387586 232714.905984 823973.60533 203843.687831 510627.560401 924311.31534 611282.025528 922125.753634 87394.4561717 
690662.070256 744289.419654 445432.752452 525013.1529 683015.007382 4168.19286488 239255.397939 868542.132307 892947.326034 448298.622666 
469958.994889 234129.00873 924239.361591 936778.374505 341534.557098 430313.632695 895920.736073 635277.116491 490273.809065 758227.959351 
463585.093971 18658.4618448 927081.115662 186570.605372 598038.052157 261676.224248 549983.673225 309718.27072 19008.8466501 291500.600212 
547446.908197 193613.300326 40889.0123412 999674.329157 782948.855341 958568.689057 450453.651747 436652.738123 639230.514827 956732.859873 
97334.1419436 594835.258955 199515.550126 168742.072171 794443.71475 213433.877842 315780.839628 836919.558427 140463.871557 933829.636233 
543448.86689 562691.58041 387377.208069 65188.0606184 85345.9441349 203514.215535 82773.3562192 601818.627009 420026.709911 250232.383981 
532904.114442 836282.842527 41544.5776369 596568.93231 31921.8399319 64414.4256251 561004.101328 353039.24059 547654.139076 44463.0114894 
689184.650205 914498.426912 355618.86598 231413.986405 749614.931654 222350.555295 671711.022515 167945.959008 780776.599715 480450.097909 
959213.080887 445589.570896 273800.048396 656127.143212 459393.294663 889691.22393 175167.950017 630914.902515 727473.444262 568575.921956 
181420.443134 992132.756975 777413.157978 170150.890696 479422.640507 342252.402375 617562.672082 975176.107416 845424.01037 419177.905061 
813948.26894 13452.4973572 752865.639948 430558.531477 764402.7547 110349.431264 583660.647906 682567.644816 914278.107479 131192.87918 
412913.424225 684719.816477 264074.274598 139542.879608 982228.349954 794627.669569 329977.216133 905209.057483 58042.7527258 155771.124039 
429613.391314 1182.64565458 785910.967709 782664.926905 283194.905752 488184.313319 633392.928845 302403.897025 956733.239225 752897.165577 
316903.901742 668212.450043 245031.852787 91295.4770573 797125.642231 368656.009749 131390.490919 698199.835645 747675.871789 135662.009896 
536413.531578 566775.205189 866689.01837 921756.870131 822766.952969 571694.26225 308955.476459 75430.6356269 552004.801583 762181.94582 
671352.021973 287544.93768 27086.071426 407654.501575 505205.919394 323983.996439 137647.101951 233943.410999 239749.462086 930580.383419 
625872.943326 456661.583746 317167.411928 566378.273891 529667.658626 469086.100976 979014.977803 540638.200641 433350.377367 875480.428092 
816313.594401 614751.647516 110742.731513 669835.832013 580291.832715 576470.957705 783452.441353 703869.090843 193277.21677 334356.857342 
436945.631583 58950.2751202 397209.752817 901099.688309 399757.679273 734165.784343 180092.277658 269012.203986 977137.043359 444150.109742 
310644.138464 176559.101715 630255.24537 586086.271529 597757.839176 146244.595831 809186.768541 17368.5698559 705281.296657 626567.662722 
982838.442599 825671.85298 575119.671927 123511.055237 192403.114784 673710.026638 723552.254815 206630.346512 941303.192489 520237.403827 
98608.3883612 238942.241468 885108.191712 35975.5519937 498382.298534 514363.840528 337833.193884 694432.686247 731653.266962 659207.958453 
853334.518681 634133.705309 851015.083763 781981.297066 92075.8738757 734102.147451 190419.100064 805588.948659 318874.950861 11094.4595405 
949197.9214 158703.308096 167845.957612 803238.165691 304844.923017 840870.653144 624603.199174 53690.5773234 55273.6787114 283663.926372 
722916.017925 701244.06693 551891.705591 163120.978849 914756.989161 878721.063292 940004.024425 982336.114263 977923.266581 71340.6770421 
433895.386304 107650.656358 146543.275369 380580.190556 563930.627431 53014.2592109 966490.852771 339342.759651 194438.291451 936262.270329 
467080.584946 692208.413577 876440.43839 646931.862852 359134.760926 320592.647157 792666.296204 292679.711782 853357.743443 876651.697944 
869839.269079 948905.477777 5793.12439417 152614.609771 214587.888371 817914.00348 521731.8364 982775.44633 798000.521282 60620.8352788 
472329.171561 606027.307471 301929.500309 850216.518799 140936.438767 135647.444461 877272.70461 818734.432495 278879.106574 273663.316598 
252631.545421 739530.021042 509554.359683 567018.513818 803672.343845 734676.358732 836334.889075 199144.56941 166943.536372 866701.449975 
74005.9700984 442709.03848 295399.620316 43500.4139793 958437.8287 180376.769362 213267.847476 916987.609977 755117.203024 317031.48546 
165017.685062 472549.38882 202240.371251 312688.836696 120522.589955 281546.382938 447917.073636 53303.7799816 419595.400686 24280.4897841 
168023.514429 186517.319545 968314.830713 959663.242461 38325.7122245 948922.035734 178500.149928 802836.003088 640742.655077 852349.562314 
349451.971814 704781.387765 703696.512976 929364.859369 515387.84661 457134.841947 509986.825688 811561.606722 125410.375864 766401.070005 
418103.083971 274701.96205 577737.849967 763237.076098 631048.688514 34485.4779112 966782.566852 442300.484491 682907.860728 595493.438944 
711260.18973 591198.636549 195758.706536 921726.084925 67712.4116363 19197.8803506 772316.085527 741225.182976 328366.690953 108297.716049 
1920.17058589 758973.001223 744178.806837 579842.435683 634016.084544 71555.8662104 755335.741864 781083.856161 85520.053817 400644.646421 
648626.69529 387173.660877 305578.680325 276864.011862 279009.537808 103665.161236 839272.538433 508418.98715 953993.710858 254282.261463 
840461.02937 58159.088366 447932.468649 666788.368191 543646.580757 485477.612432 432613.711086 602500.117625 587390.96704 287780.021044 
925145.354587 198661.959402 527153.066349 595407.731318 439884.703066 2942.20918621 642446.570329 701441.649493 775411.430344 787294.676762 
780602.572191 273939.898571 926011.373066 262811.851715 411377.517795 545639.396376 491048.273838 568084.794699 752389.979043 561204.602617 
679746.942287 65605.8546376 750139.610858 344134.278662 972523.026968 976637.446216 846828.045763 557035.878366 931179.596412 952213.170172 
69606.9072514 823877.874653 640285.115501 237870.951398 246178.104261 604020.915919 586366.75393 220331.79375 128280.232447 717054.465412 
