500 10 10 500
731259.040772 706600.847262 485136.143485 603852.330369 297875.093567 276251.588197 447088.331896 72782.9257283 232458.737039 478697.763248 
310097.962979 870364.111915 758368.111935 122053.84163 610623.136436 539342.430797 184255.367321 667453.100483 453323.797164 454821.322064 
576689.03386 264956.730352 300436.532794 848281.566056 904835.559338 929010.437037 766366.157047 905837.249775 351219.620454 289867.752856 
984029.965816 507818.028435 939371.725671 42563.1273904 274818.752527 412000.744621 9049.05886684 697642.28996 701218.971092 690399.054906 
681139.267999 699178.251446 879180.33113 726915.472115 327034.75142 973918.605039 269187.6175 321141.426756 10343.7585249 63309.2532522 
393372.99581 783585.856632 678944.450841 342109.090884 435648.61695 849860.609713 152514.915436 654727.658063 95308.7145633 832400.260839 
17304.5137601 56271.8140151 200365.226571 50659.7061332 469047.163331 872670.050392 538990.497659 703795.332482 492614.089116 42749.0979024 
638520.457224 626763.335008 432145.50976 582280.44205 522564.368054 289640.214524 207150.677084 191735.194371 387241.141747 127692.71572 
600333.711004 790427.585649 378876.479622 979223.772335 330609.701689 876527.488155 474747.296942 380757.342929 879050.864424 264078.082071 
411832.255888 326912.693069 669256.173426 888872.753049 845137.82603 483896.307307 343701.641057 304237.890133 200684.796388 93060.6545483 
558836.980174 926204.216568 161278.073391 999373.049476 447638.651964 173075.755577 208422.212214 37149.0956936 186692.254009 771273.298595 
133397.673843 844754.687681 36967.8983838 65677.7501618 415950.83824 285904.36391 472338.157163 681617.880879 525195.719361 27760.1842886 
336927.130361 402957.604043 862985.656957 302191.237119 938960.841808 14563.7744365 923296.897301 735134.684081 748198.377933 139614.305323 
936374.981664 400756.058884 938729.989952 960759.976586 404266.389254 548231.984439 890289.383997 293958.816953 702070.659697 325604.987828 
307919.539581 677463.487328 733598.54306 571024.82539 135589.551065 224852.106827 275683.044132 517221.247254 9677.10492375 954706.468283 
125412.967239 562636.303531 774655.25328 496278.210958 774962.324922 830105.148325 981610.613215 699137.944371 55529.2598826 999656.351047 
668930.125915 167026.241506 605142.202618 99426.8175457 64258.0361426 418858.2507 683435.650171 732676.528607 251082.492553 160033.811535 
367340.531548 91178.2896934 642736.011853 94254.8061094 419708.724881 61004.6734124 205258.176609 460452.761712 117381.157952 148731.548847 
269355.218967 769519.555886 443156.730128 660088.736984 446505.75505 112851.328178 952025.743586 439130.474744 901844.751555 105050.132329 
271221.633939 74337.6212803 599265.407529 209176.395385 537367.135494 777806.690553 561768.028525 955583.316447 842503.500611 417040.886727 
976020.740623 513936.213559 344403.16519 391264.151497 771512.079402 828359.225297 575206.895023 7719.28129116 94498.4966298 446987.945483 
330589.103363 165529.72431 517875.507321 409606.166886 761841.974661 251494.400968 160415.98265 773937.724434 949721.732568 724383.857748 
876018.061803 701260.562556 476330.332973 381187.785281 91698.1993439 984968.831558 143097.786381 587854.451969 398404.674991 535646.845688 
213248.395045 919448.970549 598893.759677 355716.000276 202970.550473 260788.836296 868449.775319 95999.0259323 636000.904902 370629.40248 
223623.246644 67094.1686744 478384.905715 50091.4005394 264953.908307 42215.3185979 467595.167357 884786.205045 956424.680708 7226.80806722 
754625.420597 720547.3829 884736.091247 879791.751287 151344.397526 353044.818625 905622.143984 795989.685598 147395.018834 369348.228584 
392653.318159 231857.907195 978547.654977 709996.558876 648035.60601 3871.18796495 211589.520815 110687.498861 969219.007884 991282.184211 
697104.279398 217732.845411 75417.8584469 389737.918704 248630.593196 224387.066477 605386.569358 236990.992941 794861.374096 151932.17444 
616975.832447 990286.715837 737798.56543 277012.821611 247247.993114 324890.19994 989523.661567 142106.065566 377294.635328 769783.247058 
564612.725162 41596.6246505 23216.65003 33454.1468749 8499.13597389 350735.652228 341323.42669 689532.221177 153576.498285 530370.242413 
752775.023975 552534.754511 866980.718935 599682.113964 398575.335671 102774.353466 87352.3442283 570499.532076 632451.194246 831825.751326 
158046.757926 630374.464621 457147.812576 868172.135146 241310.722889 666326.430307 265422.815405 734144.552913 343974.843887 379054.241071 
212691.33722 185856.40766 482400.889894 423675.879785 467721.179379 512736.360259 324106.64983 170191.997798 535841.536054 330735.716264 
198519.280426 733464.019523 184996.524168 948188.019772 467393.639504 998236.374179 649020.358505 880708.778601 598725.233774 483200.74174 
5688.4423347 209206.41216 755668.991018 900623.160665 681175.264292 94847.1440279 772026.181086 136996.603024 976698.721621 377462.227403 
382305.706435 988515.308336 368332.885492 135663.538118 562147.242213 126118.545271 407618.826499 73871.30392 752723.928633 148075.032287 
173632.433384 180645.587497 914177.790541 169242.330082 564311.951159 973547.767982 141447.820152 65266.3443739 107933.581982 442311.543333 
41348.0518691 56822.1890134 652994.488335 835796.157573 891771.216412 90879.1856983 226248.167976 889691.638835 138758.363947 749298.477445 
296092.983511 76152.3609449 217592.327227 609983.763453 812928.960791 109182.97319 147014.672398 971643.232345 684989.527231 629687.428024 
102232.141607 172275.564231 893045.087561 515880.550671 903641.63679 111919.32548 702895.391344 581264.907855 735956.656435 520526.793429 
412506.041974 119002.094856 291897.635382 5964.01105667 751634.17968 397380.542682 614430.724943 35867.7861499 863448.924376 124432.315939 
923599.702715 147586.325946 833480.210048 421265.97221 105061.590701 670294.645288 353699.6439 615164.766153 730753.808063 52079.2629356 
610899.678375 343765.566029 544880.571182 433452.11673 845068.46462 193461.158942 620426.547774 909351.784283 78978.494717 332175.23337 
774411.901911 569187.224689 767123.468099 404710.387471 745230.144707 203325.063304 968821.939961 403131.746565 29303.8529175 769583.160787 
162008.590255 474095.52192 725936.646887 177910.20565 784714.738375 303619.925869 907253.653528 309724.755003 359643.35024 747870.704805 
665312.949875 817972.448583 144324.019561 435913.454593 755783.813334 195685.092227 910175.760108 201399.219869 907556.270866 555794.852526 
720024.377316 366168.783274 106970.948054 473341.983503 626630.236048 242584.342302 67410.0249385 751882.173517 798090.406059 700968.102435 
507029.719639 346901.505227 336457.62252 247334.519344 651913.744354 661603.002891 504766.48478 724315.770615 903193.236814 711847.93733 
46278.7621292 356031.16759 708426.330613 821095.196368 39213.6209436 872214.215898 796404.777036 790060.325136 665447.091354 805513.788521 
788707.371754 961945.531828 721657.964766 499366.727521 443711.348151 596156.004132 833093.702188 508378.104704 625622.173939 826270.238196 
259078.480811 333668.625722 100477.745159 996920.438421 560349.105486 299899.181926 209358.780536 692495.880202 142197.111624 462019.71834 
831280.216809 222844.754613 181002.498666 256708.09372 579288.953603 147478.146541 201357.317154 785611.204142 751548.995306 567285.127127 
626693.526548 658331.206569 334356.637661 239811.373888 433000.966765 547758.326304 366844.007846 768457.824622 765274.596685 947773.553655 
88401.2846749 847280.011512 503895.223698 818127.692127 474133.587656 328426.296868 513413.915577 739340.939531 907837.063042 505642.389363 
429474.687369 28349.210139 522006.475191 267208.631237 253432.678549 560831.730694 970153.911723 267119.136688 467116.779214 212343.60096 
894563.975947 662302.686204 648228.847141 933548.667737 130076.400188 86210.5790054 338307.066924 511426.003733 756545.060352 710611.728601 
159133.839229 272281.387891 230865.920258 536629.762527 258931.641532 856203.129227 436355.620029 186351.573542 183425.565542 188057.788822 
347362.321236 316621.313484 935975.932533 30463.8666553 673372.82618 449163.007679 654854.44179 789172.940806 637791.032019 713299.572251 
274170.904882 226322.389021 175366.354266 568031.77894 653351.871797 415623.17694 169805.220697 62196.0926463 385282.077428 554632.685984 
838541.20476 561929.795628 418178.811986 1654.99371474 663468.761785 502848.347179 902182.482344 460257.674754 392220.878784 697712.49086 
884230.358797 459256.271035 993257.647975 419724.58426 42632.6299744 921752.634961 727052.346923 97412.1146446 831910.48611 929908.825082 
293081.917152 132442.34418 513234.033363 387595.902082 296758.17295 91314.0891603 524491.454482 277441.866248 383256.299176 518808.831161 
848298.071566 751968.800237 320145.299121 314067.704504 185182.406173 884460.47192 792277.312532 495397.41153 837525.483898 783732.100171 
494524.692129 839226.029374 681128.956065 724219.044042 958898.295454 402760.114713 815018.636115 748525.922273 674175.761364 347485.464985 
502795.948671 476375.756489 407384.858945 929349.667449 478513.36202 676692.4376 6438.49792824 566630.205594 805485.733469 83053.9636484 
411328.373702 548584.759967 373902.360563 728585.540429 449591.207577 827276.336595 291769.600281 449150.418898 992926.279069 13372.2727631 
191085.234579 329254.583619 230471.245084 445510.917325 832730.579861 214746.278977 991423.321986 878961.826398 309092.745625 201901.791705 
31240.4463018 82954.6921785 395523.8331 942983.101608 625735.958156 112350.998128 771010.461806 501847.211076 243541.747071 697400.462798 
345807.533935 774391.634709 235979.824327 448114.931751 294857.170992 677957.215024 693707.121619 610035.749167 780308.235004 275298.917598 
932085.575559 350331.447925 785500.374281 862821.787453 582690.437619 534431.154565 422589.721069 551643.999821 286749.416405 399306.674254 
699628.74867 535694.427505 463155.82584 531770.942734 213851.894984 76400.8376642 351381.254875 796855.435389 635325.318023 472016.675027 
484187.932561 663818.857536 208461.174511 21506.213028 399226.955127 343155.16706 42710.5118959 491377.208167 482152.24678 827769.765872 
110816.974685 95464.1406475 472628.437129 587021.226207 480557.800049 530032.124326 115390.47752 268301.822996 29075.0586091 561127.075513 
152578.947352 5858.80657307 830868.231419 47142.5416878 25527.862049 275588.847465 579235.398951 781485.929377 237022.662807 31082.0036366 
160490.830036 223455.839807 947498.714279 717410.055433 396250.731031 95672.991885 146433.545867 919003.265595 557669.674493 745865.712622 
869404.976975 630339.018207 144462.022543 23986.4574795 335673.620718 263531.472702 12076.895769 796124.645911 942740.438352 473605.465573 
629717.137702 421709.527706 264901.37665 918345.561323 626624.90071 778362.647799 62749.6041336 496123.611915 536745.495638 970144.971034 
479785.878903 42784.3300304 200103.323267 928376.53313 279416.543769 566406.10637 26495.4352919 545373.868301 905247.400282 480855.829631 
627806.120507 599979.970873 250217.183615 598563.917717 323656.345799 88053.6530249 799239.753388 562672.201158 995938.282643 496329.747496 
73360.8251324 246469.795378 596325.05723 169910.616329 355227.552639 78945.1589572 529540.882057 776470.733764 334073.767405 875854.048224 
846295.41324 461256.537578 189675.836475 328627.494763 468629.691682 893362.519216 9789.84935775 66495.4901609 422167.738904 98487.838523 
263031.928867 905572.153851 518547.061525 187449.294768 922005.197236 361248.192782 288770.953196 641227.916423 422630.348112 343715.689841 
851746.006795 358832.960091 880984.219312 315107.245126 760499.593993 345630.352796 854376.769152 794469.454829 197560.718232 690197.322141 
270254.173569 177477.154811 450048.998428 404578.583013 210309.467813 529778.467108 808417.455156 777145.565906 459198.879853 712354.378007 
880179.735008 884179.407341 593043.843843 274228.782872 877306.978892 131942.656454 738666.555569 641485.616422 821562.635802 24575.378382 
736601.945055 262231.845246 532478.465938 924001.88627 94963.6705139 401004.02024 419132.546957 400296.878506 480684.920948 63979.4478547 
92122.3708519 75230.8533071 151244.472722 641076.926009 914820.606332 274683.193072 269716.457001 914076.067926 11797.1168337 792404.146836 
219683.346356 511599.189394 393122.46846 662046.160783 457518.413168 360961.895103 691768.113743 742039.778467 581586.094965 692349.551556 
870658.12679 38502.0659763 87999.7562524 625331.489062 757551.605596 33910.6786371 380173.521949 62786.3717187 349578.78284 944831.453452 
694090.231507 68298.6581672 256963.98609 725584.432778 685687.720651 96428.7396065 357658.36207 686804.851398 164379.445357 46855.2254882 
817696.51517 403187.950907 514285.665728 750223.661702 109232.275183 122254.914027 643623.9926 770108.673239 542973.676596 507897.888954 
867138.911336 350133.517889 515543.370099 399898.340967 397925.861559 666426.714234 116370.759056 542310.193022 999146.312544 934488.825967 
959662.565957 2341.42227695 412983.189325 958782.532561 821368.893083 890426.902138 983076.523108 697457.942787 678819.352022 2808.15635598 
390061.739253 348525.315685 28856.6194596 607452.955427 779257.881568 388949.507928 381987.248772 827894.252324 135103.274128 645869.054849 
542082.320969 353142.568756 820546.46688 427192.079511 946531.020718 917447.237979 834787.868564 684804.436669 601983.946994 521067.181079 
292489.809911 361423.001058 359062.244358 558960.836936 102602.167463 111181.04668 347650.707776 787784.833918 344657.520232 37459.8163311 
939379.069104 896702.68852 821571.598571 318958.856136 623887.452066 693303.896762 470569.119889 580847.110783 452222.16421 82674.0217102 
406396.264467 785131.462646 244251.954444 151044.647081 698407.477483 51445.5054284 528650.40828 918903.025797 853800.062437 682040.355575 
247070.025863 493092.650908 208565.375151 354286.189646 83085.735477 461963.293113 981080.989834 542519.723052 349311.065863 646622.739177 
876592.810585 895635.167936 597381.626192 963661.476527 273391.784687 63085.7618368 147585.620954 626782.333729 338947.915962 750004.153377 
655989.684912 286292.157866 11720.5825919 572292.126747 542915.279479 684480.528932 714523.830229 391388.458715 47819.8627719 953516.409879 
232604.060193 851944.516454 618835.924294 120959.608377 696113.898354 208890.23029 656776.23815 835745.009071 626131.850922 539939.000107 
868412.417568 767016.87823 342222.470388 923039.04851 123463.001827 290415.069766 905072.740681 70743.3878957 803515.428703 276471.794031 
892715.440486 46434.7840704 838242.482137 744364.602594 49892.9630235 292832.137251 329565.818621 623553.867363 448858.553872 642572.046457 
214025.925618 845638.127294 296791.980448 893969.097832 970604.228515 134788.798952 472052.923423 484419.640399 458470.178296 747034.953243 
399361.876526 920454.295793 631986.306715 273603.699528 163772.185742 768554.472636 242591.733126 126314.606926 364997.791017 79628.9886741 
566553.509846 214628.210216 64909.6696452 233609.144755 374903.935552 535779.732455 582209.600302 154766.892739 524361.20852 613698.831467 
540056.529124 917072.546028 985473.994155 42206.6232838 215594.293841 640830.229412 161816.732618 27878.9453401 811551.029135 529615.266172 
945542.552733 890840.376374 750216.767634 913429.494122 492729.902794 187087.010577 342645.426107 306922.864261 17036.8833416 949484.84405 
594452.30954 368940.9085 551573.798154 473507.967822 771786.48808 669689.84076 607528.509125 225746.950062 320365.45864 651081.802649 
502902.822497 736800.095525 922317.32542 133666.932809 181409.711463 376917.843318 243826.79659 170625.698341 693091.548335 99969.9343678 
482030.455626 498743.063007 76580.526277 97248.0404756 772135.05336 927950.152332 723692.980244 193753.392799 688332.388952 794375.708339 
128159.882145 836141.355632 706447.02254 871699.514464 562576.128279 99386.4755377 163100.641572 488905.757892 657729.261753 838626.884613 
715602.086414 341669.98404 545738.361366 559939.410864 904744.324825 800767.804761 647067.159478 846455.165949 414860.938049 848918.416581 
310093.643916 705051.087209 407016.271335 498458.903521 400183.377207 541699.921312 927904.159281 15884.4633138 739973.836766 649585.098936 
999174.22289 847079.884362 247336.275868 860393.514843 21124.6075713 523770.52184 147284.904367 347544.255883 780769.036594 487209.010739 
607761.887351 332681.375712 746604.183636 157232.615875 353156.782982 159189.717983 919662.891499 996708.867437 715298.968172 617268.580785 
233341.792781 872236.612054 583824.593877 577684.914354 558878.658684 574566.839763 628874.656684 528320.621443 187066.20334 159298.592248 
737601.392809 673495.607066 156973.936785 264417.132504 845735.4878 547055.230758 13763.4797547 494297.057376 290481.0036 883538.1122 
549065.338185 135244.21315 536132.081528 921785.562481 370677.98046 614439.980628 261796.602199 318577.675043 312824.456829 58943.7173786 
685873.631866 240312.760267 198810.573325 301457.632057 238408.196875 152773.311266 939023.511855 952030.423223 13943.6493091 816680.892452 
201758.181711 76652.4490844 620553.140117 606187.908611 98329.2670983 643264.081088 576855.473961 525255.214918 711486.181411 867043.058022 
18149.8612096 686463.820766 303247.62243 31910.0675927 659983.204509 31079.0632421 488810.300326 285907.123429 878909.345234 643874.664354 
439655.785672 698958.829349 218628.130945 142145.867942 864098.565425 75855.1895729 530513.339529 774900.231477 209204.25864 831445.10657 
695912.98614 275912.238813 784307.422232 640600.835121 261621.273219 274941.119752 770134.403771 314235.348072 971942.362621 896812.130107 
731313.305712 985738.813768 319345.370419 566406.725049 182820.430802 660787.81248 64367.2227211 5142.82333798 239745.962014 59794.2708844 
707652.12119 920362.254225 6988.44062949 387679.921478 761955.32812 635563.612469 886293.921625 356072.389074 374633.301081 940484.254403 
881825.064114 46206.7562679 772212.052035 713629.545721 567800.294043 855620.397872 44082.1773225 366681.836464 450135.696535 417802.908843 
773424.205152 880531.66491 866225.153199 377301.713434 848848.197817 14533.6058713 547567.922855 282080.727489 479322.802924 26589.9442514 
37390.3023936 887411.423382 459046.663953 682921.010437 659265.026901 41765.9324022 849324.217721 791754.046516 532459.591836 208263.658256 
83282.620824 733188.339511 858043.917284 486825.95748 227354.323214 487761.184815 646616.02611 590978.860977 591601.618289 565186.272065 
651391.22383 550340.802702 927307.089856 299732.881562 803555.795601 64910.2626053 911706.456041 776292.46836 816918.558489 223783.580916 
831688.44479 825646.799464 595817.334947 982846.070635 559198.492181 180232.457724 774597.23517 13704.3037839 705599.547996 581205.457553 
434598.439245 681316.656702 100875.284834 609309.46472 368040.993005 577077.386976 655427.624882 874855.949742 827485.575822 954009.508271 
237581.172966 771819.741658 905121.856678 313914.479904 165143.434614 607757.905051 988685.605909 362369.04383 786038.954653 879873.324344 
287694.857022 168813.155653 696374.839882 745027.435807 861369.077675 337202.617571 730592.796639 832296.081206 844915.552989 299612.043761 
889811.919443 25417.6747135 584514.35746 950073.763433 776264.235465 900389.62167 533214.245304 900039.765091 862521.688958 768905.33987 
310764.164387 46904.0605198 263187.129927 894950.48799 682897.208556 73251.3535886 52985.0033939 106199.879975 881588.812293 865616.876331 
368288.408195 85909.4616677 932556.324671 556047.229922 926369.726468 461101.162634 732153.316514 932129.044168 642177.710127 382107.91183 
37992.1536732 645448.615073 753644.878874 797733.893387 9560.62234869 179558.690051 720093.348192 44363.9661477 463713.492538 423564.459625 
189073.59955 171905.963887 475863.02635 350551.027306 918354.377721 760030.846746 703013.233597 751494.373814 869709.775838 184728.061418 
787313.649725 716959.730825 749997.677971 757953.7633 672169.787685 411477.841211 644338.279475 474746.49342 280116.966175 672608.188238 
493598.466692 600777.593875 21182.1820264 882881.431944 46127.2873103 9822.74530361 728324.697059 713782.860203 394045.79432 976924.034864 
826032.127727 749991.127014 19012.3840699 287584.763345 372830.62823 680223.104564 780765.885405 588754.924294 155136.394042 424710.466888 
25427.6771064 50241.4738156 153003.225037 249460.660192 389053.362981 340623.09995 823355.649024 952390.031266 613717.833589 276855.05053 
655554.844927 179321.795246 290503.244332 432291.390178 586907.001846 612548.724239 587607.672079 837311.62278 665509.537724 614928.244217 
148989.009843 177439.367636 217687.376762 51510.9181624 122544.247223 289513.139749 548976.660129 63345.9561996 151749.286947 203676.290633 
295887.767477 758680.266304 363161.525524 993692.995118 363900.170323 128099.969203 708212.829869 120069.369143 610586.676971 394314.979088 
6112.87328697 59365.9375099 4203.17921727 466744.159574 623194.548229 628836.154999 5027.84059646 781166.33173 699923.547518 707269.437877 
989596.201763 864578.402571 543021.141869 611067.929442 408883.738585 12.8888287714 190212.653546 540008.048088 822756.570572 955468.497643 
560472.736218 58640.0928586 486700.397754 928318.706508 815954.982773 163650.884859 506694.627182 542996.626275 18634.6130569 894671.464856 
618699.025272 991393.471406 448951.145363 652454.831836 947765.787726 573467.320914 616250.726392 653271.011427 725037.604343 280294.131839 
298504.9038 77791.0738081 688207.780689 594835.701056 14023.8464515 212663.706894 59699.5664084 752704.905308 883863.888371 527000.162493 
680854.459896 275599.133257 967509.355104 122438.470914 72919.3729067 544591.78899 239164.023657 306734.527923 382468.564916 950594.263364 
722073.788194 554798.69218 462510.961209 168448.736488 513488.821018 279723.018471 89070.6487958 332632.60743 759335.721762 124899.948393 
213738.502888 126478.169218 200607.090594 662160.59368 557477.951593 633803.774893 3110.53852872 434193.646372 83072.350031 999675.679189 
351889.110265 3740.99543779 720110.215472 478008.833571 412029.522661 245334.158285 963603.734012 267924.802245 778836.109069 373235.110756 
948795.716453 1924.93083818 856383.611476 484782.382513 703113.823199 785959.820102 456456.112211 740278.625888 176571.728009 746894.072205 
525985.726125 807151.671236 238845.894851 416332.502232 5915.69306096 644510.042404 830687.955778 222543.304498 953544.487671 634215.508298 
101603.909841 450851.703885 937872.145318 101878.929645 956295.29917 11930.3647623 361220.496693 327710.867149 439423.917203 519751.602357 
846110.170775 216945.763886 341244.623623 973651.364011 654366.776863 372788.261431 657135.821721 213155.824586 502466.036256 132312.445238 
982866.445262 760074.700745 796094.507471 99545.2412023 362128.804333 32145.3253178 940449.570495 148606.157125 833854.842179 99649.4360146 
449998.715587 549933.58765 380909.00513 51903.9419364 993917.237905 86184.212902 35858.3954063 410597.014639 273014.625415 737870.330587 
1387.67000699 417428.929152 81095.7403042 890149.244526 88872.4733622 64745.7673789 391084.535641 312479.600872 883674.85339 27240.0693448 
165801.742182 849828.208443 917726.943324 195609.447983 171084.557384 783361.454749 728577.557321 384890.416756 633193.637312 919459.513082 
887410.942759 486868.388164 552061.239108 435232.27166 621618.998159 555490.101246 817764.461247 976195.115459 603954.265717 847400.769976 
378909.849571 977104.091183 413511.049785 17951.6598732 490770.982662 474252.727935 87311.4456037 931315.905772 498635.376891 983022.022978 
35756.416571 435361.491256 391287.478482 378299.394894 425491.703693 936667.081517 232574.595893 565114.723596 568634.168491 275737.168461 
848630.606339 74622.3043962 349719.268571 305044.310364 555968.765338 434971.836864 887928.072126 509809.916012 873240.550599 322707.766102 
863640.044729 231887.533603 528331.536374 892393.724358 272662.504944 376027.090908 269228.619152 510668.072384 180007.044927 959853.013451 
573099.994268 570770.405074 903959.637883 279587.538444 241875.179645 107622.101084 300219.42353 913014.212757 872226.795813 62898.5808563 
17060.8298263 752693.305867 159622.93294 55115.2811387 226079.166466 896065.212069 962729.485105 968457.457967 670950.583646 708832.697482 
957734.962609 937921.992706 104702.492714 836772.504777 676305.438106 489294.276207 786047.487507 253203.387758 592926.573657 541703.852088 
747803.49266 346782.727756 388174.536362 294796.444638 672641.069281 807578.821796 566920.722626 299805.658529 851012.157654 579507.886673 
643492.348904 275280.877259 206279.540623 411588.683467 791572.917267 584345.949954 674088.962724 448566.300816 479749.515752 376460.898016 
892739.528318 338602.351068 409746.654183 622897.500405 263107.940203 181551.251313 676600.936441 934534.414663 894098.266646 601110.652186 
942898.786666 876842.220694 756347.270276 521231.48426 382822.468423 351671.660573 708593.631475 620218.057289 31376.7495709 20759.843593 
783200.026592 212933.063976 636787.914425 873685.646247 115619.253204 7777.19468378 399650.666675 582454.20366 148123.740708 416858.282258 
131287.962429 34065.4903114 258212.825424 14253.0255851 184665.257441 357097.473916 368080.376118 295725.760323 114724.394174 204053.757497 
606627.967596 397868.096974 747673.518151 498265.428514 591226.637752 740209.600975 261052.206914 280987.309592 486493.551294 248644.830972 
389685.163279 913847.828131 404257.896153 463582.417377 128563.590404 371605.659422 938496.347826 678529.443826 709869.493444 712828.482965 
974265.013015 90484.7273811 970981.521601 368597.333396 123142.635584 761967.779549 352894.530113 444145.231916 261358.782081 799418.333296 
751069.15442 947014.355132 122939.627851 526664.91151 912669.882075 307485.290287 493008.131067 993300.440198 202484.462152 908486.760117 
374797.861637 419696.824978 875401.245576 310133.148454 618404.483732 208221.732417 879220.951401 711549.876596 250023.002937 295467.538818 
831092.03707 548896.316229 163841.945481 291434.459897 20296.0492158 646944.401278 4751.40951983 733849.415748 851720.24197 779629.119378 
360.200662653 146460.026777 231735.248693 253923.110211 41599.4801146 352284.728873 768637.02292 585361.272207 865049.986838 588122.876133 
615561.260938 817182.840316 147755.002535 979815.129981 403003.187726 739487.93089 958051.372534 185925.856277 728263.677255 305575.929124 
387970.312497 9822.41492526 257378.01313 692436.600617 942810.765245 624703.676959 450004.927376 456843.28438 442034.617852 582653.028401 
620228.315812 475936.794789 238663.131351 151993.563714 199225.614105 852822.397714 389828.99881 616053.984474 701303.681915 72746.7725636 
482968.900575 595443.715483 596102.76538 496915.499181 285649.476186 853597.187461 716325.312158 843939.368552 728008.884505 282525.278127 
716112.664738 95597.534571 245483.973694 785720.463724 961352.848845 749624.509032 863567.005822 755483.371249 777775.568607 870632.220701 
816449.333989 506741.732788 817063.253082 863533.032587 883669.948804 409424.971069 982843.522563 383632.724664 617146.769322 982836.271713 
256699.410042 782525.563682 972248.826425 912457.723112 364154.84492 81250.8403979 380473.18749 334631.658058 878485.965218 37345.0115205 
300858.60575 62137.8334468 587180.670289 358971.223255 812436.975447 274116.662249 687048.571851 558201.58228 926832.33846 665277.280636 
210141.490172 342692.677662 30580.2917909 924893.26957 388360.261483 152337.11869 429512.377794 389400.523256 772186.776865 170521.791689 
307316.720042 766113.303801 884654.559951 830490.606018 475091.395123 977408.255868 656073.957333 924597.500609 103184.512092 155943.755938 
375098.596487 189518.749376 76129.2649221 401802.206223 388670.465956 759267.943887 539566.909241 291269.776123 110943.178856 477598.70058 
917382.253037 230034.065664 763285.678656 616997.780987 507415.831347 461352.502022 3939.1990371 700416.145207 436279.345861 771691.792499 
711664.766444 685656.661259 26434.3805875 737405.652251 558095.283715 534582.203446 259014.336507 764238.097171 539369.072478 289270.850239 
938288.13666 459533.324996 275197.813651 788488.784919 128243.509853 323541.60745 840915.395834 344336.418743 834508.4841 930532.042978 
273294.06892 764559.253623 482005.10982 771127.947717 759764.267328 515057.001096 893276.361763 966805.590411 380832.162638 92471.4009347 
809622.101221 563583.000223 121476.375228 73927.4006978 734498.963296 86437.0399747 338688.651227 476725.776309 487175.474221 475893.323641 
14538.6536664 144129.288062 937886.221635 541941.187242 696689.250534 416451.621037 83763.5962638 83940.980725 858745.076893 268731.641874 
41384.1783338 423176.808738 445916.947059 261816.53938 600634.372104 364128.372193 808223.130523 974974.815971 977558.189806 506815.451523 
253288.445096 613385.560407 340549.277568 216690.565045 295928.800369 871338.019394 423312.238121 947021.151894 369137.630881 874737.142194 
570050.428385 156551.804681 451483.563077 575855.902508 488091.350443 146289.641151 810029.784563 337465.896043 497566.657877 320575.051594 
218952.631297 295280.099976 549871.067396 206381.338664 58389.9160641 937811.055384 903005.143733 340687.723653 297981.633094 187474.274 
718768.688137 298914.119355 309175.911706 146486.88341 384654.292878 549839.974605 501136.342237 52469.6118686 370198.138625 225557.034509 
18139.369954 724397.646711 177791.243444 988372.421892 382040.410575 872133.521624 422633.26799 889379.915605 987518.955564 323671.724374 
419735.204166 231120.045443 421671.193121 62271.0177515 799294.840995 88357.5149553 793639.298316 323611.896999 370715.986106 909370.213361 
666469.314468 404238.122171 620562.304418 524723.647463 302972.724339 920235.482846 534352.354981 780058.860963 680753.273222 309436.298554 
125509.385413 496791.826326 197068.932318 452455.037992 225464.860487 667760.932109 933301.235562 660100.373933 661340.617313 519909.997385 
249916.065825 827597.03307 746881.945865 280939.557455 498071.403142 392569.853562 508097.101347 406250.394844 292549.301536 174594.139691 
667642.55073 925482.204877 73956.3369266 631059.681516 735571.082091 64467.212245 678467.466904 329896.430177 453957.88641 963439.019647 
535215.424372 733336.600687 782035.011021 954258.934818 829887.361455 383212.470934 228924.635966 58307.6601764 980140.939594 263076.58164 
470701.43756 396899.792505 827704.503891 852638.92827 361188.814686 706447.719739 295019.550709 605076.151238 662176.940536 267805.9562 
810278.80284 586358.11136 961349.33354 411936.29211 141036.899045 631034.106925 405478.217439 625155.341421 270375.046725 766871.251263 
610539.905936 462447.002811 300514.273221 80053.8635849 916622.927114 254304.457363 358726.794333 570756.124648 543559.28113 62056.9209989 
255865.734982 195412.116305 236536.466903 763598.62412 362737.264936 924564.329076 995723.212837 753393.681948 869300.458618 40032.0313735 
356463.565452 164792.883221 721194.714052 921841.842562 913926.92045 25390.5771861 809054.818474 958939.914612 900693.104802 406209.600948 
844936.281725 696135.163269 950226.183092 178122.542925 558936.301801 496754.276082 582004.013691 499342.750732 986668.130807 783496.027835 
408631.150295 387549.113188 105197.077468 417788.074123 643421.827675 213300.897608 731570.626189 597019.305888 38495.0916519 250872.270393 
241545.764384 453671.641978 937196.998572 450705.356096 693056.469457 419693.137671 678883.637912 113723.467102 542108.90456 433562.853037 
702418.889934 337722.455413 186358.25768 426321.336109 304599.294285 43507.945708 293743.720717 307774.057559 921329.625213 485859.007869 
643064.272164 940776.247473 556522.303618 739997.152577 866291.989098 152798.085122 420719.60142 332551.310569 959621.578686 323599.308756 
311193.772472 131742.340503 686098.19409 855515.00402 277456.199021 41785.6746173 974633.684924 262260.182892 722469.009849 893942.030528 
730292.812396 886342.982688 785894.552035 459208.139051 419274.26617 773552.516299 359348.397416 87422.9258537 232119.262545 804696.814795 
688547.756483 973932.582763 485566.272785 323240.973795 967543.260834 270068.123061 90380.1186207 456221.452554 790010.441806 350592.26844 
20295.8515374 144206.969259 336897.259764 928940.313992 772224.730518 539437.318215 472411.777662 954676.605458 176834.893362 908387.057806 
955172.906283 153756.720315 869490.842277 433501.760832 964589.036469 448934.302477 480577.03381 832759.01337 816521.003333 485274.441818 
784016.415112 70270.2704811 888986.773678 74870.1698396 46485.5576262 227165.882546 555048.41862 227905.204839 170587.90683 607376.362758 
726593.89886 858760.098393 760102.163408 245113.765007 45053.5188121 365361.989648 618464.886642 691901.074391 533559.410206 479342.351661 
617093.731338 153234.481746 696919.646541 743812.59609 760997.919785 773627.5227 647441.690739 137526.363067 410785.401008 386894.414906 
636934.233333 229532.219557 239565.305935 221709.054464 938366.631676 5979.87475945 397154.823276 652242.060679 158577.511624 187280.444424 
349974.178294 312120.206587 160862.456328 773450.232857 118351.287084 85317.0477919 67338.6407392 496214.203896 176102.012775 430637.798862 
266159.198746 695117.251799 911263.873709 196956.702482 745218.174943 915832.242625 186806.242115 392153.117471 209251.550823 575821.570759 
227449.315134 842233.258146 406572.194798 406457.890949 555371.056423 749458.766539 948998.854285 941791.913723 179118.202683 743308.38755 
154689.25671 723000.464818 488755.868798 568280.88017 566654.565672 865059.024672 81542.5903244 525890.544457 441504.282531 353686.240972 
217294.199651 521278.452799 867409.419916 849379.317681 700225.385192 973318.012285 820428.276604 523157.040622 101137.449533 345647.034845 
622495.753467 540609.358011 920407.992381 932123.998438 454523.649655 805501.049945 778222.535644 702610.426902 522028.008964 47732.182989 
443212.07598 281691.746638 811487.673068 38621.4176859 448982.861831 61203.7883255 92753.2386314 462729.197949 994084.108847 596263.03262 
411165.474529 913013.984417 499080.087194 423036.835159 195421.413811 833054.695542 959856.427461 673446.060112 359261.195784 938865.225299 
348129.679471 337238.403888 501648.63535 529075.165112 391132.678334 199824.385438 823309.219187 215868.606738 284220.361588 120750.054049 
186102.550022 724619.823657 773159.775642 811465.154987 870411.242765 636113.304813 523970.754767 568083.687001 139963.989051 589798.412322 
830558.401994 840801.690794 308270.80209 467206.355821 938380.645252 17233.6577689 882799.587356 979106.617055 611270.433875 758794.381921 
159886.472583 337307.409631 754155.612923 245697.787835 994808.380233 446289.557306 42416.307223 302383.268415 671709.029878 530061.89452 
983193.75401 420780.282947 238840.978944 371931.02997 700652.780116 426869.360764 886199.215226 654167.392942 115513.066403 400403.053183 
54912.4774921 904071.847824 197100.383805 157526.698216 646436.98779 365741.005795 683792.150832 358949.970659 547548.881975 971309.0194 
904187.129468 879983.309389 941936.687842 987877.156076 416935.624667 990759.64919 841937.78885 637999.863823 649182.739275 935627.323409 
5735.14014353 313282.84984 481414.115073 468888.049387 326761.487493 541125.77813 643203.33026 492394.318636 487716.466479 365058.101096 
582164.265693 293782.306442 779991.05638 416285.88235 247112.844864 481074.445801 261352.112864 668220.210674 613279.359387 252102.177535 
310109.375206 41452.1477365 398102.962058 531606.901032 592815.532322 295049.518508 317135.519542 833037.917884 827551.570708 849817.887738 
675134.65014 954939.088346 512367.5351 196363.375145 347985.65278 481515.920122 654894.648121 39787.2482803 483278.81162 161653.853602 
216322.109464 77898.8485585 457809.326395 26470.0357092 629936.163315 47389.0268936 806892.266858 939100.220657 204458.077003 925277.222565 
717655.537238 680363.895028 383861.615108 468271.055097 650616.996801 598202.66013 513109.739647 885888.893468 576620.088474 894018.191109 
38187.477663 208728.542847 504607.857823 647757.281088 347826.053441 200065.240074 839096.430626 809341.220088 11149.3904468 546898.819393 
214732.06371 277927.989368 717554.364259 265981.133777 510988.452738 941909.16532 445707.510357 446629.88722 382952.061382 703320.083615 
482514.313946 539557.794762 835054.720768 346913.481716 617302.490844 665081.468505 760932.229212 188262.783454 294385.174305 973130.366965 
713355.484918 940308.067134 284419.792326 163789.691605 664784.16534 970404.801416 485352.45687 43554.3450266 757084.88704 817523.38887 
426466.526037 150203.750492 596209.580097 690507.910083 39474.553842 619570.463317 553445.369658 171005.035319 340799.586644 79166.9276061 
458686.246332 178038.470321 982882.303305 927135.409855 399332.73527 226908.403698 165787.318154 96073.9471458 591187.999062 429821.674458 
782579.537364 664965.662505 562921.948342 817694.413318 418492.035574 542637.574251 654933.376107 212759.145274 199478.401581 772461.233891 
774115.870985 569241.179057 642956.104794 80383.3271003 605600.199515 338792.971125 66632.2185968 116861.435406 264252.310195 485885.226092 
217822.859484 332207.399434 181244.439534 345228.851011 342751.404755 538391.559852 397292.442307 296714.635577 553667.394366 656453.490206 
392159.96502 119309.871496 627870.31738 632104.240443 900070.394116 900863.089561 984565.843844 323513.240968 939992.804895 700422.75817 
381699.772596 74908.2268879 341942.3412 6859.68063027 382094.984375 351986.132389 166205.541992 640098.97388 409784.679381 776427.042057 
514080.903469 715733.935068 856588.400228 334994.796377 785000.327131 14125.2725401 91361.1699701 93588.9330889 357424.491657 98503.4970206 
630094.314862 12549.4003932 273102.616734 237002.367397 798199.25901 181782.794219 578746.942522 823833.736338 217321.326378 822541.54767 
624682.640221 166467.578262 745437.555474 884737.929 377821.817243 386321.916852 746469.669198 834524.199831 114403.931993 652585.921808 
966990.822585 468175.999107 992934.340069 669345.099488 462189.66764 739157.262122 435765.869283 629469.184835 589215.082207 448054.108864 
614047.708164 701140.282562 81058.4467148 479192.693305 905866.600081 925683.213659 628025.348173 740650.859383 764850.711708 817674.868259 
562328.432819 566314.39211 247128.52588 394011.134794 761349.343195 198906.212586 627794.604471 856507.05725 878190.236527 922826.916483 
341637.571569 983200.716128 282497.516526 224168.886604 814070.380558 376661.502004 537568.219801 765728.776657 181651.970572 920776.220656 
102413.895647 774415.877167 80824.7694779 693348.887652 104579.159101 678232.593711 532886.136381 880949.655086 359425.099004 459245.813102 
665210.354295 255127.097638 912209.632036 480210.320213 343449.881728 189498.72381 605016.448621 33355.7493976 261376.331757 328698.368395 
641592.366794 725933.550948 582546.440387 114287.790195 459601.815402 921871.08461 10432.8407717 285678.258997 673922.44238 54530.2034731 
207525.793828 405162.231238 755603.255549 831604.710906 610873.347565 371201.998731 161630.446328 272391.328713 384376.164762 264625.26941 
312348.1737 862795.170427 461746.983676 3551.11489014 981666.945428 599721.519318 912342.241919 265110.538273 631735.963967 8317.71144502 
610422.795153 128944.116939 551479.31501 66608.0395933 572816.020733 622317.110313 158150.90424 188714.10381 883723.114603 949252.292871 
216054.791134 284860.465194 741033.000539 812878.941122 853444.750465 519748.226368 350395.057092 765767.970677 414689.767385 676164.624407 
629737.362524 942652.490796 594809.866411 330655.767501 709589.317095 605508.554513 622925.989538 143925.637325 508988.229262 822939.038791 
937826.648172 173957.556496 522831.776939 439290.073854 227398.77662 938142.072185 796407.632 890320.76852 193250.790782 132095.778299 
328057.027351 980648.710421 101674.387571 820108.419875 380398.172749 820312.993759 653674.544872 12373.5008339 711721.342588 857181.036907 
828530.620404 376703.353189 516640.694062 211346.787475 755217.103883 20845.989928 306031.671 813452.328439 286768.624721 229249.144043 
210908.165546 384101.851794 900837.55064 361358.31051 983363.761713 661535.645489 160739.569967 614852.380742 447906.164459 910440.311776 
980019.28858 135090.128426 844127.079898 581792.674384 900743.812457 936709.153762 613728.217638 828850.002938 851992.088595 5312.16945504 
836807.695471 754949.667297 909818.470359 754031.552899 972819.486817 205678.264793 759381.288402 765276.8209 474417.013419 101335.629934 
671624.684174 653578.56912 239950.101915 965225.599502 22028.0333452 689759.948884 536020.748134 101700.963901 640759.562771 458983.139575 
381463.315211 538860.141414 5315.46002358 159460.777679 460974.80855 833745.86597 807199.015402 344113.472669 340168.231652 351167.223482 
683088.14458 327113.950576 985963.985171 650873.488427 721110.533506 528950.259793 753471.400903 405629.757699 463300.933824 562716.123691 
255955.491585 450212.678132 869696.04945 492544.508727 837855.510065 200915.136915 269157.310953 826145.3597 284063.703961 924058.16131 
59412.5669616 115180.754592 919996.152101 988409.447796 764640.956026 696583.106015 149846.943049 239987.251612 116954.797189 771873.270558 
971047.056287 989006.936095 608475.483951 406141.186976 280331.796292 920217.655001 251237.464526 165455.568475 68549.9788794 825220.249975 
939953.650107 628816.985949 576192.082696 680337.340297 313180.175836 287459.639158 804158.055054 428677.157806 322549.513625 964776.956308 
460681.911528 138350.858052 337776.692985 305873.278756 418758.206823 277499.385886 935566.528195 371107.38386 968015.40639 226099.841691 
273045.192409 494865.920188 940363.02833 777637.586683 962848.497092 450861.124935 858110.277772 907853.399735 748935.357823 152569.608593 
723436.013919 611601.242607 306971.480956 763446.983054 32066.778749 923105.259712 942190.279716 716121.400015 97683.8511572 764471.009097 
497514.862338 825557.07233 265940.965242 372637.693279 743441.234485 447170.099321 613399.999409 369048.371913 146775.335215 245775.055009 
377601.524555 305248.453419 866572.205999 511629.05235 174817.311247 304528.008039 397352.10585 625606.2463 988147.143952 89331.8458239 
39741.1587378 754967.8271 78782.8722277 80770.9923138 420385.251331 96263.01137 800943.743421 574309.343187 22888.1735697 565399.723665 
340524.270881 418456.939367 911743.576387 268636.225073 237319.900792 457946.713071 170679.324179 961442.106626 412158.839429 733532.839497 
390710.009819 375717.088932 940008.68747 682377.606025 438969.764077 835450.629397 333773.632877 830456.792082 169056.51846 977523.274714 
987195.039966 224503.516711 125112.21696 345831.123942 793742.384924 480079.227044 432478.512185 622028.657223 309646.800865 953090.981624 
724840.6733 852241.020993 357637.132031 790059.963975 979861.310108 174905.258389 208459.211193 273125.972512 216123.687721 714592.428102 
926716.684218 863567.82461 316301.44694 591149.145162 8998.32137887 631275.993109 533228.768062 43289.7524718 598585.715918 90656.3570665 
412960.347193 742437.217608 547704.376179 550093.034176 884645.863136 822738.39516 901870.694658 562050.994771 877907.910142 247915.254295 
240351.454256 689976.451176 782421.533822 890639.112637 802751.487471 576468.356951 269832.591052 407171.756624 462791.094042 916279.041424 
499863.216744 363647.64571 950908.657724 887856.000281 273231.15767 860786.97667 307341.397398 428471.605135 879516.486161 1654.80670842 
107625.767789 708205.435067 71084.6128195 294492.31238 32957.2784515 388148.117445 410297.888089 264718.560348 781432.822821 684844.843905 
34679.0890938 979216.935174 27815.3264504 840994.8721 767901.050604 555710.451399 222879.011463 269662.117068 798011.726342 273530.144668 
228087.869552 454634.339624 6959.59240336 147890.524607 871517.883493 596406.951751 467876.804584 556781.140081 503887.06533 140549.06487 
809314.643038 515902.627643 3116.20510717 326607.11608 330678.151248 856240.94886 735281.658446 410508.107996 785301.486407 566091.021776 
821332.165733 436160.299792 723881.273333 613146.89882 290138.465724 194632.378441 609116.533006 38694.48157 966193.971 634259.855511 
423507.307007 939335.1805 584600.762505 878117.56944 26612.0382353 89660.4401866 919114.452954 519277.938328 416311.838637 896349.363355 
60272.161441 914227.50372 146820.365125 305956.585892 374492.174372 409627.04641 171714.735728 9369.00331102 756530.406028 821419.144835 
156051.89094 950522.654305 916231.53304 628640.697898 125503.663017 657440.123829 227915.758337 373092.458558 506215.171146 591012.614081 
18208.0454136 826038.25982 789755.991059 175437.590475 493367.335233 312460.46737 462606.263025 775825.10361 143773.524805 970218.292985 
390378.357555 591340.155457 316192.167651 639533.898792 157641.966882 797274.874031 389731.410178 992510.455137 771068.206542 874266.848634 
368790.952058 825554.920873 326897.614857 767329.358602 615372.066325 993709.912956 945970.792364 301585.372229 698582.787815 524791.199173 
986181.060971 549421.851801 287726.486112 630458.673255 873624.852524 296006.264353 838800.252889 755889.747966 758390.254433 145784.777315 
293872.9597 226427.910482 293852.085308 957520.703458 326476.536531 21243.9688009 366498.664143 105638.695593 185932.561793 810782.413302 
132304.526573 704401.09335 69356.6506312 210470.24971 884725.268447 117154.932138 226329.146607 336295.42862 861184.550652 57601.3396858 
1722.18668985 581212.36685 577893.095239 464493.230195 782730.88936 922189.408735 791750.472346 399779.64652 916636.78422 508046.284465 
996356.767492 115938.987369 537589.68917 541360.16996 376941.578981 792170.995641 234586.835442 234445.392012 828247.368603 679260.296769 
565757.925828 838183.943079 15860.9426269 962227.167476 408291.823852 870107.331606 260964.810047 163518.703816 185936.304175 745586.598008 
767824.312476 739646.735452 989038.565199 822743.44797 103459.955322 478974.984017 73220.1207999 48034.1538294 298455.182155 356280.754626 
675373.587336 688693.322526 630510.647486 618592.382023 104465.942591 665380.243752 268318.98343 67657.4350451 551970.920179 299209.987132 
889582.657789 540643.071175 624826.772741 228496.63514 977426.884703 259463.6073 895390.15776 227762.921501 990981.557793 125913.808283 
307276.155615 584531.264038 926934.18106 949357.508007 542428.495267 230101.184233 234841.928064 492406.214819 301686.248318 600621.136559 
272965.672233 518482.963718 469939.842945 683428.718298 487758.407297 824120.451903 719936.671549 327716.747944 439427.522538 199713.585959 
268184.926073 907139.155858 740490.879712 807233.778853 767887.428075 445284.627133 556786.857126 146990.702868 837713.032508 753463.845359 
782861.782719 677772.187146 294267.178646 431407.865404 355641.294408 265741.884002 321281.898015 148122.800032 427617.011707 704324.376535 
691704.657351 127208.579518 557891.02075 363820.833596 114783.84606 920111.95406 43976.1903887 454674.948344 896793.139586 360101.102054 
735279.137546 530286.327653 142419.806179 875047.145981 824132.470039 95641.7081158 636887.822718 522270.616331 428519.395136 274802.396741 
275844.731418 650762.832979 123621.395804 105335.223529 393396.051894 636518.729172 79912.7185632 300095.937017 131962.452172 947335.721258 
774910.878204 274650.258271 24541.7862894 223161.231097 549828.18194 448065.518768 627008.315355 269334.035466 905893.488108 850401.21456 
310211.28701 962199.657123 53538.1136156 890165.266279 480778.201794 460317.583014 930490.773236 93238.0262765 658034.38795 460241.012449 
542736.963775 20227.2666364 248507.066676 451498.764645 622690.130654 309336.582183 812010.296765 575800.928656 669828.182769 485044.528001 
831246.869455 932303.661424 398276.922594 54320.7838125 365967.595744 200560.168512 448943.002483 853281.038381 150273.659423 957700.414935 
992798.592421 359191.971706 918454.560255 310807.069102 695170.977714 184319.020804 908241.950836 577981.076473 456663.862962 964852.650628 
287350.880478 231024.794318 253563.928398 524141.726442 865332.661054 127124.002391 917589.793251 348222.237305 704552.094866 7811.58469786 
647778.959553 595541.813624 615513.865176 532378.770852 170250.908517 462989.760255 861557.09403 773148.659482 900858.147712 834954.581175 
838618.165042 305039.136865 583132.098568 5537.37729215 906090.744824 432089.701556 78956.6377554 596753.619008 856700.551639 400565.887858 
820144.991881 524738.989781 408904.766519 900775.6274 912450.389066 595694.61347 525476.538213 164334.368829 428608.407114 381554.606696 
102156.674995 920836.705959 997703.440722 202671.614563 642665.201957 390166.16544 558893.44604 127119.290222 199423.190325 387918.51581 
722091.820634 656988.069185 463572.04806 910908.301496 382420.794005 931836.732896 713209.571208 193015.646347 395965.085134 975961.946491 
838967.882975 127255.239164 609369.730009 475047.613038 872024.462948 238936.82709 668132.39117 268723.963559 157493.647947 331390.085537 
661333.498445 140178.070621 811064.539838 838708.048996 978728.797196 55975.8502985 755044.600484 704780.032328 393860.032032 140675.859191 
733501.34658 697291.642395 117925.543898 702074.379492 174006.690679 409948.990568 959076.975748 936496.34518 453407.768606 898561.239757 
907051.354695 904243.267628 568387.361705 210150.956333 91039.023833 799640.642238 456387.592019 776699.60094 409013.860402 798149.544724 
751035.832365 66881.9311884 372665.616729 386749.57751 755762.377812 515837.77392 674783.31757 160528.73231 882448.137931 526855.408354 
340031.995306 492133.217683 703503.156228 564938.814638 170908.328655 511012.725757 499471.138455 401129.599241 11195.7744049 104554.863294 
705405.848905 9045.1221834 829438.768297 62955.9686133 879772.758103 937032.808919 60205.8536365 505474.129915 413592.701311 131541.355812 
657254.8827 478591.574789 767118.35046 341728.783031 975849.449716 495956.585174 224685.536512 50520.4720885 549696.382431 95714.6168146 
82303.0833634 728542.354389 766820.197038 584183.482562 908309.140926 961568.934517 375813.500927 392525.86993 232378.155226 871516.422137 
48623.7768715 207278.541451 829903.17893 154387.500783 29744.1287282 841226.629142 47658.9232702 465432.911095 786540.921265 75124.3685632 
470434.167159 748537.900066 155233.310212 63883.1082854 383370.80833 672312.802262 564894.555922 939168.147613 858122.562386 542851.10927 
213964.423815 63700.0683857 223051.61592 468508.936042 921560.011725 902660.640902 770611.7726 398818.037036 60177.114798 861200.553104 
985629.358602 552602.220083 653556.245076 412341.680305 294569.756903 849369.877135 735163.601874 318667.151085 887345.605131 671078.401046 
635591.956687 485644.699671 433175.592061 134702.443065 249635.00447 919888.064792 637483.793203 327571.479081 117258.625842 221539.219946 
134269.762367 324358.24973 681798.930904 531187.276639 274555.048228 159650.261903 730043.330792 640945.249173 509251.356584 164796.521887 
122331.348032 823007.667061 424968.407254 363112.991631 713872.120135 989866.783069 558022.163994 978875.89535 340059.467278 241559.78146 
184984.660536 717096.11311 77461.2881142 617782.264766 553590.969967 437857.562912 428107.561755 930974.892041 49648.5740366 218885.693809 
103192.333013 79648.7362308 638659.000551 466945.070729 596027.646037 458236.229897 495065.924016 722160.415124 132902.016051 801075.146953 
775230.927072 399689.051006 597276.900788 666331.367972 640121.842595 849532.099315 886064.416862 920379.759062 784774.035162 754220.389182 
89442.5600108 39617.7165109 141414.800529 154908.115397 129297.845166 255052.497824 609622.96213 809975.968815 766235.289624 858263.525579 
623651.379659 858893.263548 149202.550497 287606.923842 903467.082398 127465.629374 915458.767392 134739.634548 48997.3301726 389151.971705 
649550.74441 535153.156319 928155.87584 520859.091297 549855.670141 314463.60902 860300.690222 705917.982015 555502.28255 194141.660593 
549155.345242 202944.976017 168264.791365 535554.463445 542611.678246 642519.753056 533356.94934 580804.414809 21455.3459615 936840.50063 
340243.943 58269.922335 48618.2108988 777376.462975 943592.05202 612007.928758 393787.38996 659781.5036 69976.8403309 333758.827993 
778527.995146 338567.907655 73370.8096525 301561.564188 214316.334202 514627.422417 446860.003865 331011.23073 811184.962886 247201.250681 
760627.806646 493790.493546 611987.631852 912932.206192 343753.66192 135578.15473 290916.247171 778992.259636 704839.887328 751727.306933 
774493.860537 827830.905318 480306.387508 356300.314883 368599.527538 972019.402851 875962.349937 119482.363495 723698.295115 90064.8590942 
511359.532187 43051.8168086 627730.782862 944381.821861 651971.222488 88382.4152969 8120.94241972 544768.508987 749914.539949 398443.370795 
405429.499185 874704.431706 436607.752479 688718.002418 201755.406496 363679.938714 564871.48912 165725.324218 505915.025207 998203.406468 
347219.374095 389196.551955 239626.888107 368917.357318 94805.6557619 986526.686318 109022.658701 820604.200354 993865.198739 866768.222312 
128773.27909 375452.308138 187031.094836 694301.099552 295323.936134 208791.6552 123689.308885 417532.514754 39347.0731934 968583.330836 
172704.725696 29208.5104893 323299.28278 704341.012399 346441.029863 762513.591043 675877.479653 380210.90055 183885.497565 313127.120504 
478337.311991 379784.307574 718144.233922 198905.185221 270069.75834 620599.797776 960550.71717 839027.200339 889552.892812 391152.594179 
7144.89615263 912284.308663 614329.524728 427718.808398 399512.588932 742294.756187 384710.815416 637957.921989 486186.806018 664283.792799 
34126.0627483 165082.092135 776179.330878 299205.750221 66278.298908 820157.568407 7384.60745727 607898.581513 290055.784491 422970.547258 
811656.425691 184986.094243 166821.757602 691271.758024 298477.838815 192552.652258 208553.613968 770501.284924 334604.908775 60652.171867 
794102.717239 406150.343198 292688.839476 19913.4095532 503583.138807 944131.934766 464802.095425 87873.4795645 499965.179493 929380.921792 
111459.191685 204364.548187 43923.4343866 102860.763731 35636.499399 115824.426225 736548.625409 951998.511856 73562.3924681 631099.509266 
274959.351841 852785.277894 730557.118386 391209.037957 990002.917019 647060.161429 580877.82037 999355.867031 134777.589796 906306.684537 
61873.5126374 439772.694573 474272.916233 265972.115789 972436.116963 525026.625721 134254.638835 412046.35724 3920.52370508 337156.516642 
954428.356677 677625.488679 874227.24346 94552.2120412 50554.3882579 949873.778012 14633.4600613 774554.704476 302364.437356 397937.679563 
951922.454515 917418.869625 445295.661553 794660.338986 331862.280907 950814.646335 528210.057951 212954.696744 386935.873698 842068.193148 
349120.104813 417577.566895 590392.083972 799053.326331 135672.712023 791742.998083 810435.95776 895416.698599 657591.047274 366920.615494 
777711.795249 614722.136046 476369.659124 362977.458866 413260.41152 995660.647487 560420.890344 229613.135946 955127.889085 10122.3808282 
116589.047143 260835.259541 378414.946522 283572.477448 310623.510394 554733.702028 597494.550679 54641.4926547 324299.231095 16061.5817552 
270800.476696 147761.458261 32429.3311984 791138.336387 502625.045187 236173.630525 962857.835064 284581.755705 929925.694587 682700.428383 
806540.893188 10700.8943747 643.46928718 518166.500012 788337.078217 776252.797508 85904.3242974 122961.110007 934796.803668 149944.470949 
589821.866803 555844.582066 536680.051469 695391.875993 640716.55463 266863.310977 46641.5042077 432715.021967 780041.503548 935746.814159 
72223.9577214 944509.192436 742011.565683 793514.009369 953471.377158 753850.077825 828474.706217 212407.52159 402275.653814 403885.603503 
447064.362423 878757.348713 298627.471461 431434.610238 42302.9198578 901399.618881 112978.197285 351944.696316 955534.383788 33662.0108913 
334042.465815 602201.08111 743409.998606 124073.557607 501737.728869 839513.34535 541814.273997 773303.032232 335459.254827 274720.366544 
949765.637756 194774.292531 424001.59581 819325.324424 845417.535605 530821.12596 187529.478102 258208.369009 360468.592185 797858.881061 
939463.612661 25100.7773142 243695.014604 880222.886146 513717.611951 61228.1278699 551523.69356 202183.539396 171749.051317 340026.783596 
254737.856849 914174.856043 559966.686892 562889.900941 271458.234903 862324.504469 955677.75149 402996.31288 212384.659529 698794.379348 
962921.697181 246645.935168 184471.460441 855570.729754 68889.7360617 232037.313154 71448.2787889 106252.154313 63075.6097931 576303.557005 
54147.2241104 13947.9526739 914743.362964 923376.195553 95661.5960482 433547.952585 538512.618851 128587.591985 430552.365731 664022.37636 
728973.004028 113849.76427 2537.57570909 781939.238105 410152.635875 717345.748106 227060.701571 574715.285272 23072.8494769 591319.462978 
347556.569264 142638.511531 712332.23339 443653.163505 180023.277252 875452.045813 291155.952228 430585.987989 957809.858295 965369.882774 
947736.840694 907108.907162 398591.801035 238622.838869 239932.09468 474542.785134 936599.622343 892675.918521 801670.096947 981012.717543 
291601.473368 870402.042941 253133.140858 727137.979898 960702.657336 93797.0563625 441642.777086 621992.128239 157870.71383 597936.327178 
754842.518496 324587.753038 519240.207904 934686.184863 777947.552516 366599.95115 37755.9319869 962218.588184 638946.718292 287254.435558 
289758.899881 876942.334796 143011.601428 273034.447005 732620.552121 137660.758373 145187.578916 817310.374277 821921.960646 881098.860169 
833658.061108 922578.985242 535241.491761 841672.199529 419124.064627 153840.293613 945277.482271 746227.659008 546057.336954 509992.979103 
363687.264007 917067.449678 839043.850798 427582.076035 717744.793092 560293.007951 704074.356036 997022.052506 158158.011745 514091.430425 
342799.119027 703275.51784 232611.696109 896070.621388 911791.602905 857402.906787 155448.260532 117310.556398 222604.287808 465622.394657 
75309.3176855 260459.939913 455083.540095 668004.301786 471549.796678 814014.51569 393227.246572 399245.882646 59949.868729 331446.255627 
782757.032204 236632.306307 784384.447476 845509.569783 334899.835234 59877.4505005 360606.915916 857830.692417 483752.90366 907180.839243 
955036.302507 354969.682015 932787.377938 555128.337142 303809.495667 366438.270102 434775.852854 571314.99228 319692.564687 250554.273873 
369563.834624 647001.350601 90548.4292622 264758.353123 30325.0199231 456003.863149 228549.755759 613937.707031 644728.5158 942504.056947 
557554.346959 459255.524359 946863.327186 676251.275237 340637.594638 593637.994576 301071.053601 348059.33454 379038.131552 129028.701485 
868484.748222 136434.465147 296452.880212 727869.463587 804445.317852 564404.297809 315390.324196 746475.927382 572124.555314 598380.077374 
32675.7727876 960123.275592 288201.560936 625298.621407 497274.318915 295009.244404 968716.475571 877237.530781 753223.894787 487080.483959 
730219.904287 296202.4486 564143.359881 822843.176419 734389.721761 604945.320616 731339.262259 151712.819084 989249.392468 354451.765732 
261280.427454 400302.200293 404982.813484 159187.104454 643354.175549 884607.971748 104485.994604 406313.596518 703681.000433 39084.4959742 
511816.092949 868804.69118 612190.893931 850339.365949 327139.873543 358671.730156 841029.109891 538974.805438 514827.586151 370879.207989 
645303.375175 622252.14016 667804.373037 23831.5951432 341675.117965 507227.800199 55855.464221 68024.0113177 291786.765526 387074.433419 
572199.324811 895866.64869 502665.757582 969840.612956 494138.042558 466450.649296 507854.654586 864548.035101 571452.047603 973326.023177 
222509.519628 176240.459301 702281.233255 573327.291366 189067.589322 603198.157898 832628.025558 424012.254194 153331.536175 873224.264907 
113566.397656 199.681295749 446179.358274 962260.23948 286182.385667 22976.75855 26428.4276909 935500.021013 436794.47272 325997.273925 
679637.116507 188102.625999 868798.203196 962764.118584 630065.868523 431237.886378 910161.285627 498507.106761 292575.936906 565053.430307 
897698.873433 719822.225334 38185.5504327 304833.142002 902619.118253 657287.988972 848653.48966 533034.161955 236584.213134 590286.142239 
362948.819857 409736.798232 749957.796717 542091.984842 778377.190665 193611.337075 948942.534836 326753.416182 953345.219025 585467.92728 
156295.140336 408783.871685 24726.8722724 422225.767514 396156.849019 170313.155338 3521.94307298 899943.265434 771017.160928 901795.851509 
719997.877096 587643.547088 449694.551315 328636.11121 771889.998941 34001.1936839 655219.144584 445075.118257 35871.2859953 849146.937499 
456823.223757 646301.583847 62399.8698737 469574.007907 426547.361838 253361.796983 676715.175649 100090.81575 448862.012393 408266.867556 
964243.64261 151156.817556 118861.810281 603183.527474 848383.733597 50442.8833283 11405.9458746 928225.885331 796891.655474 151359.298912 
283433.299227 780735.15513 848374.977699 7265.5963605 792436.553515 752177.393319 587252.579456 906468.963602 311947.723868 43813.7742706 
119507.87813 947186.707381 736055.732344 536944.105629 924776.708193 948485.334575 633794.572966 80809.6345863 788290.779279 912570.763567 
6778.67748825 753331.117319 620915.595202 177709.269128 210908.626672 389024.046983 525326.96459 515917.629186 672375.494817 183847.179128 
858835.016593 858246.113601 171858.563685 510868.698615 968266.581808 114823.693727 306872.565486 422344.716191 228788.370946 449031.90709 
922769.427087 267177.366481 719654.178235 200912.318057 874798.866732 702648.39691 219771.546019 439788.331146 450780.365467 961147.96392 
641066.240357 742434.775358 263677.670059 433188.800525 329734.070924 328567.973378 667941.749754 298223.144805 648192.49873 280925.508791 
167777.890978 224085.629405 746247.831341 569306.139881 212812.204183 480040.082054 718551.887267 773484.340586 13459.6646731 603647.807538 
22850.9860008 668367.259389 467513.957039 538072.525186 975430.280096 769370.27591 824455.9778 944570.446877 371002.409431 91356.1704466 
525549.262179 259289.531204 79467.4200477 539323.492172 265834.521684 899651.773554 330491.703113 672907.636987 951373.656306 111342.204562 
208719.630535 859230.772408 852098.11351 193465.797288 372999.514998 610790.387072 736974.222641 524287.675155 372434.933977 596745.313029 
233221.359995 121342.729904 139728.444104 69847.7617309 669783.58664 372492.532044 126804.76838 726433.325606 549805.435261 621947.876956 
528134.100624 426799.618645 531756.452635 356916.647235 74205.865736 805900.725702 334235.228624 397781.103066 810461.763056 233473.567006 
418193.103423 994172.576304 843648.451086 185239.155561 831911.147256 124372.893585 824153.239066 796063.895219 415017.795849 805670.590327 
641992.185182 684662.948649 320231.010618 764182.778671 293177.531175 137313.630271 554324.933722 73341.1115941 706687.946058 426438.358405 
491839.356373 53478.5521758 397186.068453 604773.105691 812900.2568 846374.079015 5936.62067221 272338.871649 991902.187183 656188.738971 
417472.330971 144242.694603 233095.347703 387783.015843 270883.908722 365858.862183 240251.804965 85261.2487659 459494.485561 438081.659092 
730798.124457 608822.28463 489398.425515 984856.642068 69274.9480568 573721.059908 923762.099042 817391.480776 254471.657281 624029.32158 
911269.163446 327061.011597 20167.3766378 70914.3740455 364482.036353 125915.378719 564264.208559 95239.1094664 964582.121564 693879.808402 
149146.394275 119764.297878 511593.56203 561367.449657 301842.879583 377950.8442 73766.9718466 256519.201248 636136.694589 738347.619826 
660184.281667 252214.961134 981706.771691 650923.302355 521594.134081 300396.96169 214721.061928 311561.445485 107934.067487 788237.64317 
944644.500265 438967.151704 224412.377934 780523.016121 396937.308937 39488.5469338 188930.533107 676988.816896 329860.482135 235189.557303 
256373.416095 305026.898891 959351.905178 237263.340632 427744.415086 869551.340133 708908.226209 917037.913377 14749.3974328 524615.417433 
578573.256807 305662.164935 706609.993604 458604.387436 139515.851191 691402.654645 847307.208365 292016.062143 127221.50986 672004.661906 
893483.177157 552397.492391 604657.668687 299006.849659 778312.173806 119483.207767 534287.074417 974174.006746 912708.306074 313780.79208 
848754.216089 921662.638649 753283.576902 162901.682688 388555.744862 799627.410727 17115.2517668 454121.415519 447749.743086 349896.233773 
509200.247493 976346.727061 539992.491524 263820.662875 626680.880397 176420.102985 127198.535777 856854.167869 153282.106343 523933.588723 
390704.634453 954101.521578 732989.598962 851084.959547 684875.770676 388051.761526 10121.9310518 213918.387361 652428.831939 46728.5150068 
711971.770092 321779.051206 736728.773713 54035.6177424 461568.52098 162686.030832 549622.25125 912191.911373 404490.133212 949973.378789 
390607.498336 768626.199398 911837.495639 206827.883145 962537.997319 49358.3482396 267341.473409 576742.60794 353950.836183 228649.275386 
494437.255853 836620.835121 306310.532784 169174.88117 370185.518915 345403.816318 469913.150336 897948.726194 455569.615703 64715.3541255 
349664.603095 151677.429758 275516.601258 781800.420888 263983.242025 865399.701301 936364.320061 768567.143048 8214.96599084 104018.642843 
158587.582346 127087.383015 4983.6629269 707513.759971 807730.776718 133071.092633 387218.326703 466357.403314 289143.624306 17453.0102931 
149867.500808 439381.567823 108065.60819 359132.119871 680404.335708 248511.260773 503247.810581 891539.219294 9664.66234588 833777.428107 
342424.722044 277432.082906 230302.223546 171471.767304 183231.740023 791303.00044 780570.2898 903840.200079 97519.9573095 601095.853903 
954992.490935 191455.430215 872956.252764 381040.544163 260806.61829 598814.935421 955571.210049 811336.85305 909075.186042 490708.911267 
484185.643495 709444.375955 155738.968461 460319.741883 756754.232848 196979.8555 432104.946142 877444.646431 899758.513507 384026.785068 
806565.342578 889702.26938 583995.963527 649837.015143 878518.182462 278057.288273 462934.953799 742263.47976 239602.110613 652420.248196 
180846.790718 672704.837613 195711.599168 302554.908591 104820.812177 270224.333904 827034.121607 713299.160351 423885.142622 464102.927449 
112071.906158 43165.7628543 778890.930385 435581.95984 161025.071758 736202.227041 486746.446212 25288.0432817 876446.415795 848139.303085 
783400.075171 132641.514078 126780.230817 630070.090138 154214.427241 973454.073169 798666.286518 227848.953933 548884.749067 28796.0522207 
224163.883163 700703.123759 945724.874014 884212.22905 2974.40364692 675522.532134 482426.255725 633641.982806 633687.286677 495413.86365 
259027.725033 89011.1324432 911289.91408 257494.041597 460687.042518 35533.2366404 894071.569234 965455.344182 337837.018506 325610.061947 
317770.837907 96583.9615363 32813.6574893 748686.075507 847922.760311 770426.278779 863989.631355 630128.420771 325747.136968 728406.03827 
177445.113267 233877.484239 733617.06536 549632.91962 489746.200208 376998.498323 329128.906283 726411.345412 621572.630774 853414.351078 
777585.916128 160888.598214 896625.229193 31109.550672 263910.72872 673323.708275 885908.254914 728103.496538 583742.305095 65293.1606679 
244107.919219 324762.444547 44319.7246499 637100.454576 560449.320396 773075.762653 734672.593224 886033.421759 158908.038068 436752.775979 
831494.310166 351404.824743 214651.342454 304434.585689 370092.256546 45069.2664425 402024.409185 663699.556569 154049.476643 118653.77516 
772928.098481 504680.308133 74369.3477793 549790.15062 466560.25117 556387.914794 847192.054602 228496.69543 856860.739448 260676.084862 
728112.588852 576228.762429 294858.719038 623428.797523 193593.62174 561655.526308 775046.427254 15408.9040633 68349.8510672 534468.159258 
84682.2092137 68694.0645097 86315.6482697 237519.66252 595401.288699 475216.878489 596351.908152 941795.15384 218749.492239 319394.95428 
130795.272935 442318.077598 174469.022741 953672.207409 721433.323178 122350.460921 169943.78947 923479.238765 257544.658068 326101.785495 
482023.822437 58584.413014 352235.583123 556966.831071 632874.842848 654678.214469 175402.659443 289033.985364 367169.026639 136152.943661 
603205.064134 632765.637901 874382.824634 92572.850185 87980.5184086 450806.120109 91865.3765117 550754.657614 880407.572141 789459.450867 
670578.61512 909247.920115 770060.56454 994351.33788 278291.799113 587068.767496 884050.660652 770464.395266 521689.862352 993135.681913 
372489.741765 140146.647972 284375.597483 506021.591314 77872.6701352 235757.862033 474986.714366 257709.445953 76143.8579366 710423.257226 
18442.2740557 321333.489352 582744.298115 359677.038097 87536.3124404 375847.724803 827336.414255 947599.582813 160731.395087 352073.725213 
834490.682105 569225.212012 78341.6430066 21997.5014147 837349.599234 398608.65299 468158.026851 307935.397735 123632.518089 952366.528478 
587999.228589 897929.467643 71626.8676523 136771.548294 566756.550855 470945.189455 246908.416212 941625.169477 936879.214072 366537.456705 
60673.9275306 727449.629347 137918.415577 628387.191171 603220.740794 623744.527352 303759.275542 332426.043 307218.374978 275002.831117 
211958.692443 613645.262854 353582.120038 603723.941368 968205.572631 138642.925798 783684.650592 846835.605546 425746.950362 978886.386671 
518804.231082 336158.317215 336662.959381 637287.175479 438009.642127 74584.130614 135589.14564 606998.53516 152232.934368 537821.198181 
131807.899954 740767.250003 362901.651659 671584.794893 591829.352467 484921.22296 873885.554065 503239.208554 569581.806338 516378.610045 
745307.951778 333779.729007 133064.023417 700381.805073 800567.007356 479550.98752 616710.673205 535300.001152 682616.860807 945184.580358 
767222.093079 492997.200879 334460.689124 152188.939961 670222.497427 705079.110448 280020.159074 716682.722722 507197.459774 870400.257753 
151924.624581 924674.127541 73551.0120785 849961.340135 289366.862324 389063.653177 811977.853833 58406.7490918 123633.866717 961425.418579 
680289.260175 358470.257798 469073.988285 3176.88935089 678826.268804 642370.281898 775533.011626 300576.228761 513234.661534 210817.498568 
386999.387141 643741.723217 706370.824684 315900.886841 747888.904789 165204.462817 926776.533051 507402.456841 903339.031014 371237.48968 
504536.160958 226081.749433 539742.207476 354571.546387 596002.915088 409249.919084 669215.728781 684904.49502 909596.130615 385087.342121 
