500 10 100 500
103274.851752 705613.232822 645264.960785 914013.318736 228024.11251 566393.950744 150975.774409 104643.436097 901259.281537 943968.210312 
538100.046016 48513.0968928 364294.794173 717181.483582 187042.472304 701313.413118 928246.559631 485353.125983 838950.206168 230923.305575 
383635.025311 248768.498051 714433.312639 910934.875838 448017.734135 82269.4070739 21771.5954126 519259.272433 800630.053649 623813.249463 
297063.570118 999147.070602 475544.224686 15487.1602484 601791.024373 250299.788862 946410.326855 367273.137377 40871.4037956 147669.288856 
620844.443977 545478.150521 360901.253608 542947.427122 259341.868241 787678.74999 249619.153535 141952.829906 808989.40527 799014.532375 
751954.14302 312921.939648 390145.014568 129165.807859 142517.43661 414333.678722 72839.2578696 144183.720486 333988.663715 433426.559139 
245052.409875 381357.453928 667779.782574 30538.70808 205972.272883 495979.073473 343761.09836 470730.205755 891316.731247 607083.728178 
560849.131725 102178.963519 572693.283188 602731.010601 683478.642229 862801.815123 418100.924161 16270.0217532 73032.5764824 778304.774636 
70259.433061 889761.147937 195588.436107 930868.575402 432680.72252 378980.572425 361531.70863 361374.32245 993622.031231 380977.31905 
904032.565123 805456.206303 977777.553351 529203.010152 191805.891454 82678.1348367 978343.583088 990200.256929 579725.428119 372719.052449 
316701.21148 372711.540225 713767.657224 394187.814988 194374.87982 924444.268479 448599.491406 748719.960917 827993.484573 645353.750825 
644693.741915 252123.978918 315957.621648 808362.461876 710270.159078 567122.234794 818385.541455 897713.011875 664353.773833 526474.486887 
560738.183537 668087.419887 844016.279119 210530.47164 511771.303179 295986.418387 54414.3399876 384502.274416 761630.906179 155378.307696 
170100.733684 324724.4613 79633.8499935 534317.740316 73313.8715214 480901.107511 899134.286825 856136.117643 975836.204701 737431.442086 
761127.626649 510774.324285 739189.368003 628518.097488 667377.079179 613960.05665 20607.2588746 454140.778003 930260.064154 550213.034358 
670805.525177 116858.876825 198219.460076 684359.138923 278515.182673 718146.099641 305381.1135 966244.706846 749854.002844 237782.646899 
808925.6038 416051.676912 863141.254674 132504.370991 865312.478938 582838.239889 257873.708082 881594.691422 617521.313337 781236.96413 
800479.572932 351259.443451 677575.379046 571140.329406 365660.46324 521610.929784 783696.885836 233060.07837 648101.573953 124728.339303 
89936.6117413 419877.493248 569346.590195 775207.353069 481012.604407 634801.815702 238833.611422 964820.342651 61534.9012419 155548.827666 
178875.484716 399310.674205 979864.831437 655593.924732 48553.3072969 659141.175555 678240.241972 939302.840148 949109.675773 823972.118977 
866350.841834 4209.58417531 524940.855332 970093.520202 210759.460429 83988.4828175 113590.746257 535794.784853 547128.994218 361048.769098 
922987.010097 302785.597324 682552.001108 322509.398469 746367.105145 121118.466707 438970.238643 733765.48667 222058.605375 172964.608625 
337839.793037 227384.745387 575831.578264 729766.604438 885319.490904 654377.358913 821656.957499 632770.324444 976647.210516 876582.762421 
778293.181209 68188.5619053 694641.134719 778623.036683 513599.061141 905040.53355 108668.581069 918484.455362 40387.8595981 510351.525902 
895369.377433 675660.441244 936646.289653 325459.870554 420777.489388 901426.010522 352849.405857 963180.231017 756931.132007 304820.265918 
371684.708606 881615.430488 306719.687072 119217.808405 760984.434732 388657.138717 24273.2668549 93001.3781518 856722.798806 267104.43966 
94553.7508627 774906.762576 435728.803353 275465.742131 760590.048876 163996.971142 682376.719199 174386.955584 653888.445899 532755.247402 
639033.843137 805339.90682 898474.053512 666166.488561 246943.351564 812017.159875 519080.556981 339495.409562 757950.670449 699255.230056 
877632.883323 362502.59707 701084.557972 756692.796871 71825.7015065 79247.9975192 866623.638036 957620.052757 961778.005342 500599.510346 
898587.112356 836822.677415 786095.606915 330442.443067 912285.871369 810364.227508 474842.619318 473174.830209 422279.80327 668163.141501 
880307.601786 712811.628057 753416.911116 923555.925468 68261.5267734 695805.794271 584845.733347 469009.600272 797089.508582 228277.934417 
363857.755564 990801.958154 907003.043831 584823.555506 954322.269775 375159.843313 971476.001035 578937.145731 339254.846523 228282.973337 
901674.395229 5675.09549365 893002.512411 628530.526023 951813.328809 152813.069021 788055.390819 12170.1698139 112848.845658 734324.335798 
981462.596581 486288.333578 571262.668942 145135.546968 852475.604529 815391.347533 118061.327092 148492.535473 283699.090013 789147.636875 
193230.974539 631999.691066 684725.321829 759882.916476 653823.86982 764956.896982 276797.7965 565493.27921 377218.936346 512425.511549 
644126.113506 538624.644597 683989.824251 120230.175979 5689.50854373 308061.49861 341933.282389 71705.2122474 837310.417799 682956.413118 
496288.360303 61779.5117228 292774.289491 370662.817507 545786.536707 71319.0721832 181062.740148 102285.583371 460595.897278 718640.855966 
743189.127266 381107.689755 345160.94796 992302.367849 177632.642023 604059.26215 292416.498018 718705.867433 593848.155494 208630.658945 
9397.79230199 753086.347908 402587.386921 123964.696499 749645.246159 314732.880358 531980.351023 450325.362939 266931.763299 440117.270585 
3755.59527179 996190.645569 25865.8026131 904214.563025 988260.967536 643277.620243 20173.7671865 423288.155365 231724.644255 937953.793454 
484551.525811 734216.147057 26372.7000903 306567.629892 690292.267023 245040.70318 978529.59886 952445.852455 757052.506272 379627.167953 
309462.048187 53700.7615681 167782.206599 473759.363362 109424.042239 207195.761178 601939.522035 571213.531166 318709.03293 417131.098475 
655187.245332 485191.990009 514272.759515 549273.712138 443886.651897 426744.439985 811290.636886 607389.77946 268870.992507 452897.878885 
765940.869322 205349.097651 516428.436832 386138.7835 927895.999749 977602.291038 821103.862401 109791.821425 611264.146277 850330.502432 
980239.25178 333768.014026 874272.472882 61985.5461732 898456.28769 729400.457972 394277.160309 611621.019377 327814.595537 337343.732307 
727315.984652 717749.562967 72748.9394495 753079.23372 552592.966092 256078.63947 46573.7843934 107986.938717 126830.643479 35681.0636832 
115947.22528 620846.860906 109223.328311 131915.854451 230913.709656 352611.000692 545442.385521 711814.551925 753342.410533 208127.462442 
954357.65796 824064.351404 61452.8299927 944662.187885 731364.796935 749302.438974 394637.251623 872735.985481 168226.169579 463834.895229 
577050.655975 688134.773124 929438.060047 448331.346098 943079.116277 564398.99142 464916.740109 186541.399534 732211.250011 649418.476562 
157590.539433 811664.342409 476787.75637 453431.777673 868224.798146 62970.4389579 942443.226473 450578.632805 480961.434801 52745.8079091 
74204.0091238 955881.113884 580344.24367 951242.474202 892620.565978 447519.74942 474156.431085 953197.061083 99938.414037 751730.694439 
63064.8945992 79603.3184948 378850.694816 774031.863189 851006.296991 125499.564639 306234.833763 39042.2824694 629025.562053 3141.88535204 
656258.659354 260219.962128 652975.998351 614184.581694 755554.982863 146421.818861 536810.894678 478849.073409 131508.778224 601686.434013 
847686.309251 209129.996333 336715.950491 959567.11482 618317.83282 558497.131105 595759.589487 990317.179819 692260.110251 122075.443665 
563237.004228 40588.8742629 41178.2334977 759802.108797 915830.195128 249589.445082 38643.8814872 873652.431546 855515.718141 563243.869602 
700445.274905 572716.910337 169833.631607 562925.427712 2509.9978548 919751.527394 391750.698082 392521.884741 837170.090476 196353.647894 
348921.672874 238239.643194 352883.320571 471373.366732 496302.145857 689480.41748 100391.383419 381790.144851 443837.517666 627318.807111 
894409.507799 563120.212005 704128.8535 456284.115119 40633.7335626 884844.272737 862291.820049 839752.668997 379186.794957 684635.499487 
505338.148428 350318.043944 696684.103741 895664.591778 75723.3825054 766201.238113 603373.470115 387453.181958 507107.89653 33621.1032755 
293447.494209 411722.148794 914183.175181 905002.730148 513160.391813 359551.632957 365594.459099 465886.057809 72879.2829414 510582.515189 
953289.281171 710035.919333 626927.061686 829127.924098 592147.546842 405616.813047 819360.688314 984942.137179 662548.166161 164648.405835 
992475.052715 643156.818459 445798.892471 634588.232218 980690.981687 937016.373939 155167.828174 635735.056976 958967.437008 85505.7457181 
406758.44665 728174.746485 712116.626163 977336.689794 263954.957878 138565.589613 298125.545533 614128.290141 898953.109806 695583.256857 
582183.440222 430490.916137 667521.441778 971706.434383 519350.976486 190933.686156 794991.501443 27719.5551452 807241.94059 684129.287764 
729845.189855 142573.038802 493379.907593 479038.191754 861645.471078 525518.356728 404820.289946 618500.562498 878518.134391 10955.3439279 
213066.587676 239716.957811 221020.544081 689589.166811 231049.760945 215473.080508 492228.300939 746274.563155 689897.190769 679139.884795 
418633.512906 761595.80266 825876.044694 932180.776693 453267.222916 407176.521555 26734.1145698 991534.256604 16026.5766935 307773.330855 
33791.1957 364710.734206 139226.424988 683043.379476 38840.2015308 499151.19753 41883.971368 541545.465076 667764.471055 600675.834185 
938386.329083 852950.009731 663099.499712 305049.505047 990479.15791 687335.527878 597676.239855 570342.081314 149505.435821 654832.790413 
249512.950571 115885.554944 268803.879245 112465.78858 683821.364636 467585.206976 991161.609606 682491.686991 593963.684891 920475.376684 
220913.10434 65583.8108577 565516.511983 533945.558861 995055.961249 883613.445525 673297.975393 435343.467804 689375.408175 218773.779731 
193063.496625 33921.4502668 255927.437987 92277.0216306 66825.4928978 376453.018547 204170.845409 192353.990658 284226.417359 682968.983316 
220064.946766 753204.473498 990364.469607 429986.570451 290132.144779 737681.257043 98083.1293575 514707.045238 382018.585724 951895.598813 
235471.686394 604400.873045 661092.986745 689023.539388 685900.79494 815011.655795 136625.419713 458306.536663 521033.670838 983555.538485 
941231.467749 681729.319993 645108.13447 966098.205054 673910.733479 250240.011482 184272.34612 597241.459641 680818.341104 476471.224637 
825643.351941 774056.772314 449357.097356 969663.129366 900393.09871 963379.775069 246214.620658 458915.709274 636507.714784 349536.325923 
411432.332911 299205.654027 992200.960468 592574.529756 24274.0217989 632530.253028 136385.581309 12357.8472691 350144.539785 258759.992091 
60068.8882167 986002.97732 680397.334415 739598.112274 364972.132124 79263.2866657 540302.785775 950940.983619 385962.03639 33687.5577399 
578790.047178 393508.23692 726125.441566 373832.673171 438187.151085 542551.662692 54367.7424066 935029.177188 320041.384763 419748.168083 
353359.1359 157250.941758 908566.331639 921319.657031 660779.337995 61510.6955335 10709.6710715 576564.012231 743949.642089 186331.720952 
900338.826921 247379.354228 604297.313164 723128.12042 994923.571984 879774.533417 48004.5484035 524553.475392 30814.0747053 900423.938836 
66881.6154186 731400.856769 184119.764555 766095.378049 689519.723858 688221.958239 60229.2504132 917791.20948 783111.109273 65171.229704 
844257.844317 27911.6245329 695602.719558 589094.93115 437598.500854 53219.561983 158.890097024 122267.286975 242099.785004 705982.608759 
331297.414572 140021.670617 837158.777931 359891.87705 252309.40649 156125.137102 541598.278443 732429.052026 726059.046014 304988.798654 
979744.063756 813720.355637 959653.048784 108923.196027 880518.681104 929418.178006 256596.384827 450882.379416 124019.763999 618493.270465 
160843.804671 541013.506754 969605.514535 796189.24535 241192.643021 918088.223221 179286.556183 548819.470121 252690.308696 455831.588628 
390706.510758 587349.482804 542750.190725 745592.845296 76273.9513766 120920.138694 685563.80756 965094.143935 103367.999809 637188.026555 
294770.644324 232226.850491 537497.77279 816994.692856 76962.3168415 522209.778306 141783.246149 899570.954565 561145.760524 328269.064464 
868550.95347 228661.985064 975984.805418 398876.20313 992428.765183 591483.002001 358174.380225 764907.522764 68977.1375599 206885.172374 
909492.530693 829393.653607 580614.698187 468269.042103 983796.024573 914503.736821 360764.786338 83986.5792328 645070.885385 849417.435851 
261466.981084 185039.291353 1485.65821138 929408.267097 761.228117214 332822.932998 954415.941166 271434.047771 1635.5973917 571204.120133 
697138.700019 206352.129422 460136.470176 945415.324849 307026.217337 876094.237602 754568.159634 828767.684164 375292.268393 270997.421941 
338901.345817 903976.694542 813178.894046 449123.858194 945682.099446 512183.330719 903473.802101 150190.402728 70104.4495709 488125.349404 
123280.213424 584040.249666 460118.259646 747523.471312 956838.020926 564657.214091 101610.840696 719332.85755 304592.23324 39223.6536063 
278151.743025 642486.861997 440106.863912 166168.757472 453599.954188 224395.557023 981506.963296 227110.650131 752161.460379 554895.859171 
75796.9039863 104097.879938 50452.8262745 618858.640922 475123.919058 629585.527831 356528.892499 745225.184277 57565.724587 295192.966377 
894037.907422 335112.695021 122425.253705 303974.414654 233187.203776 172051.043824 767996.611646 173270.051728 401335.683804 801060.691633 
990804.806173 768184.38776 653042.345745 865205.594633 240832.621403 18125.0013905 277920.790385 323219.639737 216021.279487 446967.175662 
241481.380879 783478.486559 334944.662724 614199.528947 251336.616081 75657.9583244 645148.430177 945360.862327 52643.457679 416314.476397 
962245.485942 318937.988898 76974.051192 871116.306193 534417.394165 723723.63683 640641.028489 667271.810105 897258.836214 783342.729722 
205378.934905 926402.69585 963199.719713 836573.107236 619705.367418 562936.835052 501016.083928 39296.340282 1311.37783361 22728.3258972 
555823.306406 570314.308887 504127.543389 171926.281891 933606.907187 358194.969726 747613.387856 219910.945501 201857.377391 493066.790136 
162671.916179 618515.420801 706858.081653 875084.305388 198317.986651 771701.809803 492514.777364 716357.567654 511986.7344 281942.541243 
445222.539215 740666.421083 933473.797575 673576.914598 534961.360777 704360.846198 245155.337282 564802.063007 338296.711531 133655.807957 
845318.541493 367012.975671 286716.059385 313578.002852 770824.401987 123845.222205 715960.424811 271134.387545 286814.353775 102768.868126 
504044.511342 408055.770053 374642.964075 238163.504451 630614.68851 60336.0128698 552665.601137 636665.16275 430518.134498 293096.201802 
260137.239027 397715.236053 412117.388914 80637.8921868 894952.610047 712082.842434 386846.924586 579930.111697 393886.212477 328486.618353 
351148.646578 171762.822515 9585.6729968 204826.379339 125966.758211 600834.916068 683992.533752 491889.919452 471968.068786 693588.562548 
185325.262463 498195.184865 744214.044081 509113.295373 775399.810935 522369.382392 909973.809189 944318.828663 153600.341854 616119.240385 
49054.5280488 776513.847409 560201.015875 944049.172471 350238.217391 866113.767885 236277.799488 670476.135511 397245.408577 170645.71968 
525580.983544 563619.079299 140503.317518 878944.110598 348148.651514 845036.83551 205368.169849 769324.220698 176327.02697 869179.958811 
610686.546776 699813.92005 918650.815642 100713.735391 676482.722388 27741.3496755 324233.298426 532584.997061 58307.5289886 925445.942281 
638061.679377 206328.549461 730347.091063 636824.332888 778791.548527 794308.74382 91223.3673835 933255.515391 480152.617388 503343.705995 
401077.10502 480027.029065 830919.016939 243396.577945 343156.441866 497718.689777 425856.419785 183275.592343 137769.228366 941057.791808 
787595.212346 564809.3582 37012.9200776 415630.279053 262734.710246 257040.456227 379029.768338 479434.566917 772856.591892 749911.406263 
601552.693768 581627.617492 724779.806745 630553.067862 421677.781481 857000.921625 200997.213159 829528.159627 569905.318594 139385.2036 
332284.851156 728495.775007 487157.353794 170497.171109 2693.78768562 725396.788549 96253.0579997 520255.023058 290842.083944 342454.992229 
98369.2555211 71597.2008352 333180.617865 448839.976472 272438.379951 568344.020115 427775.20473 539879.752432 950202.122327 258954.231957 
404951.431721 272774.080475 188365.403798 801822.064321 882977.802729 825350.981726 348371.79498 922215.624783 499623.628918 923590.066809 
416632.632055 288703.866685 947826.914154 546156.41228 466362.820349 270051.134248 287177.520297 987919.546891 455883.522071 533574.173304 
923244.983927 542272.348874 388977.86059 825898.980003 977756.193444 544065.602298 53747.5155244 166798.360084 478424.825461 443718.234589 
787833.747975 777702.795242 815917.003008 743922.256782 382803.792137 26786.7329342 977160.744534 348820.090882 157018.210949 241401.071182 
507934.128369 17978.3617318 31215.0729055 240773.553151 387116.005649 84612.945475 206949.306958 121754.380195 42278.0665272 493165.111274 
563757.459669 309998.900991 205723.191065 564234.363756 378558.135755 850001.785533 161865.503315 696915.125781 201633.395775 509624.846061 
706241.974482 601911.674956 364193.512437 494930.003771 713899.08448 917617.877934 663751.793249 740338.518078 609559.936203 5247.77113468 
948839.489634 739782.632269 857624.301896 62394.6496349 213653.26119 901083.446519 198906.111453 359425.014265 419654.049832 694559.085427 
319603.562503 538862.252508 834658.101156 405480.764361 368595.503818 286896.570988 61939.7720092 990928.492107 225372.916626 923118.836377 
512418.225226 260856.276755 997010.481096 387155.545656 868305.049846 167908.976124 72279.2160574 992230.287112 887023.285958 995441.926029 
738323.283497 246128.386349 112891.321887 221743.089311 3210.37268179 609729.150002 724436.919074 292259.773791 422210.90309 688898.506538 
879231.512294 865818.593238 601506.131409 644720.795367 977156.589561 37882.5938783 785116.591371 108085.597989 126803.332283 955343.702385 
208208.577406 146506.62678 949409.141435 436707.356522 959239.227655 9033.90651298 510897.624406 358069.097122 756431.822801 461344.885872 
393024.355978 474824.779809 318851.73792 919003.774895 429816.554327 65366.6439466 942956.190489 114581.094912 496750.56013 474923.654831 
747761.9455 935112.630934 521318.752854 18058.9082934 942212.483584 146954.356436 158445.239306 79898.5718583 242369.952444 83551.358308 
923573.28791 830102.558465 312749.507035 595170.274267 100823.149381 934576.082558 298457.14907 736773.854749 779266.386528 708096.683999 
425773.074923 379273.94354 41916.1635268 387079.783072 971967.786808 410965.477475 874845.900935 71649.7031175 867090.7185 48310.7710353 
662366.488478 711435.180848 415091.429517 478790.874846 330038.48358 84008.1019907 472972.606137 117404.841512 99630.8386246 518308.646364 
296712.356476 830993.222719 323461.796655 851024.195194 884860.785175 94970.426374 352642.278214 734073.710558 528242.144823 321285.194518 
176877.055438 28314.5521653 33358.1176474 22656.8531257 500070.661084 871092.245769 957433.10191 916504.810519 52397.1635837 887401.997905 
492424.155436 243401.121473 648780.641933 861264.164837 298875.949224 393509.809331 457123.104089 172927.417064 576142.355008 870322.064375 
712366.949733 59781.2214876 13865.4060086 336329.468001 998734.075129 905581.306774 339330.701378 898703.818681 556200.646666 265206.83481 
764445.222617 288063.193429 729241.694588 193646.300367 677900.638796 40623.1484427 513250.454121 230089.917295 598787.129024 61164.6152917 
270748.580125 504524.813563 726247.588666 165708.335159 328530.080052 995003.926372 634232.593578 176036.99153 996315.880325 740535.165957 
714997.706536 162685.441497 653713.059356 236.527509978 73813.2840681 396347.583145 365963.883737 117899.332002 206384.535126 54746.3326646 
421270.883429 396877.974148 407143.809736 641064.660372 791635.690961 276257.11341 147869.079534 358163.141162 292329.869967 196180.254209 
489430.889539 551992.736546 289595.490573 841773.010157 706358.503724 392849.724033 248276.736018 461849.596576 445164.94623 381208.522108 
91575.5848347 511359.910246 53388.7610847 402704.231377 489579.474753 816942.006135 315890.482256 152783.203537 906.678965663 126072.743217 
762339.733072 771253.107118 462972.786191 962654.817154 855227.883585 374435.674679 788209.336082 179924.555369 813746.677786 447495.876703 
535699.301841 942888.490466 601786.753126 701244.18677 76523.5213939 692562.452478 548870.359185 352569.38007 251117.154941 850016.238332 
243927.400243 462248.903127 672907.874978 101151.837485 206533.45574 500404.171968 900673.29599 416220.148739 835949.289394 282331.09534 
451970.176546 668223.654366 168689.222718 49314.3960102 289353.090129 338906.038911 801161.244956 738139.239396 173585.657193 870204.740986 
432601.880207 327962.200236 855952.338123 727414.04992 872328.604935 269273.129656 678324.43781 200382.498165 191278.081584 971859.116776 
846895.315882 706326.483001 564368.772719 103636.003331 103272.888112 911123.347661 3918.86634179 784535.25348 333984.808029 777364.224661 
924773.155674 147087.64862 701896.784123 279406.535881 787062.266496 725708.30812 652992.818907 968452.031639 91466.8375144 267394.90269 
88683.5330532 705367.327236 770426.897663 940827.080381 97120.6839927 468144.925983 780355.759771 825669.45134 611573.993734 809070.290083 
181197.129525 351927.012832 134675.83571 43456.1071031 820290.111112 34886.0302245 4873.51946689 640698.353424 392836.048486 359775.92723 
598027.384121 121818.2797 368014.499536 294060.48505 560106.882919 248328.749982 187815.303198 609303.67659 746414.50175 46445.625273 
878274.465673 48555.5430758 588822.099896 312042.739308 776250.94521 219682.398421 179343.728284 360366.523477 885887.746961 54905.2421262 
808562.074363 991135.066819 354251.665248 309476.421388 872685.262441 319947.860401 745897.181554 143533.524113 454991.480651 366881.991805 
550906.84371 22831.1731937 323280.160827 938437.515704 288232.740567 601567.134459 526939.088314 641600.288968 509881.009202 583558.705593 
98656.4096104 942745.564889 652668.106842 272179.736596 180386.060888 515161.26849 192287.033491 555629.177956 903584.064559 495190.342732 
97598.7595824 632171.242182 70069.8711288 63571.9946974 160715.514685 234609.22793 536870.097965 259275.611375 751365.367774 537482.111929 
599807.832589 636696.688453 86950.5455413 931378.987727 607131.76812 385126.058101 564341.917789 487425.818165 125147.638696 547382.880383 
376986.951944 245461.668997 266956.5562 103005.598206 597446.972956 623027.657598 780481.267342 748664.282031 156710.959329 327024.048776 
820292.298299 886158.516192 941280.534637 676742.209036 299864.979673 522432.977918 307929.277008 754704.051121 349900.29596 985152.144404 
28825.6769268 361186.445661 541727.194421 419862.338713 171171.023465 353898.070181 57677.9015297 725807.182392 117744.572083 541831.308512 
477586.165384 342987.50501 266480.614066 450268.044419 500130.74004 796343.369884 779927.528235 303092.202707 136404.887728 965707.224828 
100762.308333 164695.226209 516604.114619 174992.439532 458606.201847 753460.468846 27101.9893686 463751.703273 247181.640876 734295.994599 
869254.432076 108119.439945 217206.545617 861018.055194 642241.250165 305379.978453 533978.688347 171154.439034 410520.450634 794495.784322 
834152.195145 228611.721126 315622.42922 449164.030684 874985.731835 256425.040261 630071.552192 534695.709612 872456.464199 739784.278333 
392043.536887 528263.444319 271166.896443 744834.19314 267203.624338 381727.040484 656838.271677 266268.208415 485744.871634 190541.566446 
793013.914202 861584.298356 524865.028311 678574.646553 366627.533829 710338.48995 525968.599984 160121.896935 512671.876059 848544.728939 
682542.264986 671639.581815 696121.769898 944812.232889 845401.222934 834504.640925 576860.642616 792524.414307 656624.170524 908130.409649 
948062.834396 630219.829483 266846.765293 236222.043025 102318.847956 977114.847898 825873.152812 76827.7132782 537264.740862 545642.005727 
963609.522382 990456.887232 49110.0039069 124053.742627 473866.032129 350932.531033 901718.479107 379527.539517 97228.0687579 473844.547407 
292013.184908 485318.872328 772460.108936 344762.334097 701914.573168 500812.183347 615850.787738 272508.924967 436789.490475 619591.006771 
491783.148354 23728.6738644 600686.669119 716769.120946 948668.126071 225029.238192 410460.783333 597222.642774 235627.696188 915460.465829 
770744.356727 391473.08053 434507.062181 250670.628121 87340.0335021 989997.244709 301905.851136 722270.950059 137920.134349 124321.469378 
230586.33268 844240.683392 861173.811842 785702.74069 112236.607613 579213.550595 634563.748385 227675.827499 456961.480782 139484.539512 
999208.435457 640883.582793 405613.169857 453545.899706 85366.930956 718853.060645 555042.564973 903171.072073 843493.367129 394961.795687 
961905.772184 13056.2687449 314477.436324 273393.214409 361055.563557 895111.981232 840925.567081 183517.33776 737635.510531 646803.795447 
864515.050055 633920.386235 147509.970749 850607.726101 91688.9851612 507424.31616 820259.961842 13762.3757289 48378.1144988 360695.077376 
921758.704359 942927.226587 622857.801092 345837.170936 628893.230823 247625.334149 460506.979932 527868.216196 829427.104576 291251.465658 
944606.082008 492983.87425 402349.879284 911006.091307 106381.814194 279951.686333 718218.421659 317869.641192 825474.511325 344354.514139 
733473.552253 472960.389776 293451.325764 155329.722688 882635.568838 719934.362138 497213.440709 471934.028385 695766.474255 675835.767529 
691316.186652 408654.823445 260914.213235 503827.901974 821591.761013 537428.316696 482906.065492 979604.007757 726027.247414 515153.422207 
101520.59705 261243.664881 841283.954009 495035.89112 924319.231546 231985.935589 417642.730613 467931.576779 830901.225837 655002.763249 
385575.614369 806974.339515 554260.496241 316730.23272 761584.241692 847959.376517 243190.365488 517057.753382 114387.44372 112201.460293 
381793.885995 937365.776984 965863.180998 159914.022313 746344.565447 940887.269941 860758.889327 124998.490695 981119.168164 878997.971892 
628599.51144 453104.751993 200683.31915 885756.839766 143213.014681 778439.679387 620059.417113 610973.007351 454878.492349 51610.6637681 
884322.406608 551285.836989 570281.183397 687087.264547 822681.737567 617652.038206 724124.674165 86285.2630947 327155.721878 108965.590098 
282175.257279 410785.393732 340501.944569 577971.378413 92717.51571 654322.833768 478468.131191 519705.268776 203121.833571 70667.4665868 
91599.3194159 805847.767876 154169.57388 715245.780365 12160.1320833 259516.82526 122027.812626 407624.057324 634085.006086 852330.515796 
292600.383612 830552.451634 225510.353321 133993.738221 898851.337212 197140.225544 407383.506042 763776.464008 404825.625466 561684.505604 
43222.8974773 427244.986346 818044.352451 959910.160289 868824.229954 635741.263418 642933.402432 865834.31813 284447.18919 167455.463652 
59304.477051 917917.523541 867709.487059 581037.855398 113208.511196 649154.972669 620472.100896 864067.833706 842017.755406 811767.887395 
130859.874108 87671.4199734 866803.239304 973388.268544 204781.33333 368355.501956 514593.522751 369583.133457 21986.6473663 673804.722778 
549161.155817 4174.48437968 948218.813812 3912.65766042 89201.9653799 51352.8980871 932536.257616 405853.692417 549369.569801 662221.816667 
765458.433507 620847.298661 259202.611336 802536.742303 487457.649975 390512.750799 399229.413862 632728.440137 702958.799802 448482.864753 
575151.900677 626914.849627 657097.876992 264681.06888 423928.108388 530516.00604 622972.556353 800457.115077 186586.563629 580639.514997 
813934.328709 433312.577121 759773.930323 723132.028319 220751.722061 686769.41977 958672.165742 226666.41956 794560.694124 561602.895491 
629124.361275 626648.47235 764971.427138 684988.835671 628908.705283 418258.654017 965595.857394 677292.119821 59562.9703896 768588.627124 
768791.901506 628733.964293 868210.615173 897432.730489 754316.276287 178141.476632 897231.204264 941617.989232 196037.051259 654448.882435 
240495.379048 564220.739546 956763.427447 892785.396536 379003.446804 830422.770354 88503.4644581 695734.624614 918404.967404 776871.282976 
12337.3489315 298514.261283 717419.040531 100723.930437 208088.224913 951259.345244 792988.391114 844552.203229 428226.11964 493231.018749 
279997.412817 265818.040749 149654.364597 952483.251112 494218.667035 43915.1676154 244694.334187 439450.050043 825154.424658 192060.390969 
683956.812441 789769.327336 222957.753165 913393.863165 194862.698926 134895.860631 550209.170876 424860.427916 222455.77045 468541.478229 
125051.421359 441861.544427 930026.906403 494024.714437 75716.1056163 899867.955937 76125.2300026 414013.610724 679695.372245 269948.589001 
338476.059101 710083.445515 666142.5999 363742.33257 463193.944982 350343.952426 673475.955476 69699.9992559 211465.045542 815256.700121 
444092.171129 962748.660374 403444.78788 221856.760476 684411.777362 255543.834853 357507.643871 917551.977004 878114.655283 655651.549896 
276562.165485 936699.534483 184733.864703 749704.568466 74924.9472692 113927.320046 297887.177386 523918.532918 241431.672591 50259.1779123 
649103.223847 794263.991144 257636.399357 446660.43504 899290.934739 544274.650765 630058.448995 652652.64499 900841.815219 455261.553898 
958750.565 627931.384016 956618.27967 798010.400039 7403.8967068 560798.698879 887280.953568 794784.262375 187077.595745 334284.624112 
954731.85864 867051.558609 558506.076382 88893.5725325 9583.69875875 415494.417243 148511.788154 211438.98138 398406.645877 938429.991364 
270744.59226 587009.881504 195223.860371 213483.849935 709760.519362 664122.886243 856583.048465 165191.986619 275926.954759 808112.88161 
68719.9878587 848816.915015 156713.817449 368233.917228 770901.179227 251071.598152 608800.12676 754699.795117 842962.143618 102165.184437 
157339.89162 118823.337955 712190.478659 729015.557523 597850.408221 82656.881834 639355.013454 313656.24274 497564.45686 186476.115611 
82818.0327922 38325.5682941 632667.42298 891260.982942 284844.070367 998145.438608 804505.256172 579359.043487 816019.166036 525325.2963 
919290.002322 236516.614964 649960.198296 32538.3910726 507069.760349 336503.082059 413571.595774 324429.793613 486220.108009 518213.371918 
398724.843107 167675.863373 774327.687002 544895.181425 553194.368171 215559.943639 246892.237933 416330.577272 720004.870044 544214.253914 
444946.421373 194549.710665 138636.571307 402908.227054 45456.9006807 412186.329255 406216.714402 582830.211472 156393.187149 441128.536302 
252335.011775 751170.405962 926948.495664 640873.638358 587703.238574 472782.074051 982482.617006 117835.142228 36161.0760922 131006.582155 
521243.617616 153139.24432 874346.232712 510277.882741 797625.23105 394747.755656 182969.247396 313657.623778 303827.522232 842238.726076 
973931.817532 990631.979371 80944.3014674 889169.119286 534497.227747 743301.504544 425362.286158 452535.019255 510018.765665 214261.093976 
854310.643272 313706.512778 292276.818974 736874.322323 891844.843168 853880.516219 257094.192405 243096.960013 384798.395584 358438.462067 
904485.675332 421837.44562 550625.871568 205776.936842 859540.28354 373472.300409 902448.341795 821013.320624 803839.509479 388758.300373 
718910.361437 708780.543878 852737.377055 136361.521738 416493.671699 454499.053399 311249.171148 960099.520289 155592.852134 2540.55013837 
640044.902651 633056.109758 581874.983757 593084.065451 46180.90098 25357.915481 717949.512921 248693.118041 163490.197019 400074.392717 
991073.550945 317264.075693 393094.920555 983771.186894 790705.249322 968858.24218 219256.037679 940563.086774 884756.028677 534049.469934 
574808.479484 928454.053564 136175.90313 962950.177123 743420.42113 663938.74676 32655.4074497 584762.112372 239809.161132 707141.513098 
588322.531238 941834.202965 476424.318373 24660.597765 425611.994033 213451.467668 109969.930722 212305.932803 649137.448741 341122.771932 
989901.406407 605391.189825 642669.934482 834301.371949 14328.8959884 802667.098956 721967.825211 913244.880852 925861.113933 84883.0799122 
277681.534329 279333.328948 685718.623134 474494.40469 825682.957515 83125.2722728 377036.589647 470184.728273 627161.678631 824370.18759 
437893.959855 454397.798092 864046.61904 226762.837657 105028.03061 511645.468242 792663.200127 65511.0629792 220882.154657 459240.665778 
291945.741673 993247.109528 641179.209809 569245.958377 82251.5764495 816120.966796 378735.506013 274280.771237 889729.715434 956550.034493 
203513.587578 380845.299466 875417.003189 214689.389873 549888.585867 612367.873128 647061.015117 388314.829696 530553.471851 983731.302717 
458016.15284 97768.0813906 425263.116363 638495.436625 50379.0160528 957784.301284 886196.783514 21931.5024891 758441.605214 466975.486187 
9163.34428993 881289.998968 804638.889634 275157.196707 805474.265626 499275.968118 64754.5828766 537489.45096 878872.82381 784940.388093 
447564.538428 744526.863495 223461.981576 722392.805435 40160.6350951 4503.20577447 20713.4122583 173806.512805 712413.57182 294244.513748 
146287.127516 875045.484834 747223.838255 963095.057168 943286.909449 594145.257681 481797.409667 771450.551645 566075.876507 226112.348763 
394317.570115 160503.207741 795963.381106 593104.801612 347774.350851 899907.575951 158794.165682 365102.253255 281312.499821 47470.314644 
872229.060091 140460.820593 250314.657218 207978.888511 722341.16244 483892.762823 976147.727128 409250.867421 140643.563279 414247.945274 
49955.4634315 738723.059331 586892.610623 186707.360195 21516.1545644 685467.624834 107728.092143 317547.423067 462372.52514 563899.742487 
357556.80616 503511.374766 876152.869803 112867.362257 487248.482913 873794.865674 151490.208929 253810.076919 242023.127515 271937.793689 
588626.020666 741376.143897 181259.36834 890852.327822 491482.004403 685238.593137 754627.197408 666381.084229 248496.990104 436645.307833 
459075.727844 979945.91695 903389.472942 616372.964501 345315.416495 242468.683127 971047.067046 825907.929975 461506.25912 95479.028279 
710199.768573 890676.383493 360492.856263 363078.763344 783566.032942 205063.07738 805032.434039 249643.50128 719243.258831 195166.051602 
277096.513909 198606.89932 513448.551479 131449.564821 991295.115151 989991.668791 211195.760907 994441.027024 387357.836155 321079.394717 
121728.803709 253124.457569 193536.857729 570973.270621 90083.4218087 366825.800699 489987.195563 656678.017804 393564.12445 394161.140044 
40593.5900003 885743.207894 363167.274129 470131.520481 313707.28279 71047.2437567 686471.784589 561136.369077 852025.265226 832182.63139 
880740.460028 219582.633865 135179.515539 12621.0577721 719580.979591 124196.54245 37246.748708 539717.122477 830607.530036 602944.313225 
975019.205785 535580.005215 322791.135591 621025.062922 42029.648637 535110.016622 301490.271022 949147.936722 43525.531203 365423.341024 
401591.049138 356663.100171 801615.702075 879681.189688 643473.927759 506114.251444 19347.655342 217070.861318 189806.82956 129874.612764 
161667.887358 593395.445571 665021.933191 425900.416498 471957.475639 721067.119778 262026.824439 680365.898738 842634.090856 653090.335782 
27769.9229724 395273.625284 54567.5129538 157707.902374 582861.75745 637353.585825 819478.914827 802957.718213 267227.443081 873650.306135 
873768.707611 576671.341742 360267.350378 546763.649714 338418.946246 521310.914674 31129.3747989 988528.715509 919420.607416 245630.149343 
810725.987055 674096.171904 313300.098642 795930.124859 919992.186769 341631.690632 644185.442692 829747.528481 237212.068842 488306.540375 
552780.833468 312303.001559 827969.927621 203569.999552 323756.740519 723896.485642 230849.531993 997772.645177 746554.86365 628307.742644 
207875.793421 695704.253526 594305.671692 152334.519348 353015.122092 24178.9029078 396919.653054 345361.756269 425432.433973 648078.900442 
373071.1483 318314.500308 940960.735055 636087.701905 696148.305664 598300.790657 559929.401472 238864.233738 392498.497341 532892.430441 
708062.989087 680981.52387 22458.4674781 156212.221323 794285.158598 73198.9116523 125029.883303 359231.437499 449615.711923 42101.3383542 
924140.082812 663037.343036 503808.184852 195365.398462 76543.1647221 7193.68232379 231335.877817 876564.738421 156988.316171 107425.509683 
993901.018643 183071.008968 506450.773401 22632.6400966 405789.955611 151376.167891 570004.247958 565446.740638 552303.454764 489731.760019 
209159.330988 954868.381917 666348.38351 45192.3796903 830928.687083 153732.709058 913565.365838 764739.571114 102959.195096 261426.547891 
9359.16240121 98145.4853998 714249.862113 339234.924229 576392.274084 700435.931788 260986.194143 893435.724155 522324.201613 729353.875806 
859859.998068 98717.6754388 242383.764909 272435.542801 147573.494389 708114.437966 461512.023528 186826.425056 28058.4780678 581218.728897 
563605.725658 796440.16505 773153.003646 393744.023805 205973.054997 172519.972138 80005.1349379 826735.220894 421242.442184 928378.078669 
414038.971112 346211.385678 417471.411296 904001.212925 304606.624826 935661.122991 255964.079777 425319.132403 662027.730514 8097.41028705 
628069.559464 150658.690074 439809.742113 462849.114297 497532.616892 194323.206541 890550.915086 453044.457382 33893.8920939 727071.578601 
445301.697543 482159.108234 424633.511588 186545.147036 225014.796599 765308.479296 163515.439068 825916.040119 735323.358041 102108.537465 
163720.831579 729328.120701 740224.224336 303382.18688 84912.060286 43109.1454745 810771.345457 189044.118924 246446.508566 57760.1371544 
381866.801064 255367.872136 172881.973759 822845.13825 785673.274859 575666.567224 581839.793691 793705.694899 770737.100393 954261.917031 
257708.465375 995173.087011 62406.0356535 143162.164244 979398.712058 538657.297422 253802.888504 924322.528832 880073.462948 332307.021408 
339665.104564 807788.205802 797364.402902 480399.281041 725606.081233 721552.358545 214159.193761 807745.14637 825888.78981 684093.454826 
672552.89319 62008.5199498 4719.0654478 584990.258518 903477.712226 157639.80341 102117.806422 211603.714897 694253.456498 70631.895635 
564855.898523 620906.340715 339812.649126 910000.93512 523290.607065 993699.275545 763506.86919 701128.703296 14516.1631596 692232.078242 
110210.405967 124260.691188 7317.62834071 286828.564615 238323.528866 927685.217344 752166.907225 743609.561414 473886.164983 951191.920149 
606597.79848 570586.489339 66984.5706095 573924.795238 630744.756981 917491.453434 831439.068711 261070.305929 815040.090652 276438.563059 
343011.66484 891731.210278 380757.568155 686022.178618 723049.0094 751440.159375 325872.916219 554287.578147 511281.269556 393768.364159 
169113.63067 124423.471694 346553.829039 972155.308813 766776.184566 309135.290506 396706.143203 674357.09735 501250.723758 441313.122141 
726214.929189 702190.291462 888819.660211 120800.840249 60515.8948802 892921.59277 194125.869285 742770.269106 532770.976438 816414.39019 
650248.337527 696070.55216 936696.297112 517148.589159 327648.684885 689851.420051 506415.31113 709455.713335 572007.308537 120665.462611 
913381.049946 723981.264405 86413.0050387 954071.495094 767277.887469 360666.476227 224109.166482 833596.090142 835236.454009 48235.6196891 
561206.689888 121267.742582 818919.855931 545209.48202 156660.333004 869509.517014 268187.994772 671333.688581 392474.920308 24106.7125386 
805061.499573 323015.519905 438156.484751 553104.109562 571098.762163 392634.283785 446080.31325 35139.1165029 986500.540717 743238.443685 
812645.228759 82179.3027365 779881.217433 170517.3758 127250.45512 628241.896616 592084.113951 301544.838348 575352.806757 378849.261518 
345443.660977 787231.659953 557499.87036 745889.832106 848506.192916 358672.598831 858555.521331 205359.713469 152828.04955 481949.74834 
658616.310308 703489.387616 112286.961988 561753.260005 121539.620434 695674.192814 639943.693499 851024.497029 502770.301846 154863.501735 
707979.183178 941429.869803 474188.012265 913321.55399 593244.110212 83610.1310266 543513.657502 914603.67073 381553.029161 90830.8515924 
519462.662245 636428.422743 922091.656551 975066.104014 928770.038641 332064.146949 476571.434851 620111.83062 958940.466269 927386.54182 
645011.939071 238794.978959 164338.736183 99162.6695571 610939.890731 141512.718042 288915.966076 308555.047705 525550.688313 344525.364841 
277888.340349 790660.266747 208979.056148 270400.547157 447470.247366 516158.266725 80701.3304416 706609.467585 137697.449572 663009.491499 
890448.08474 582397.409038 218958.799016 112262.663019 667528.565605 932328.993753 715750.062784 342421.468401 233958.534037 419912.132073 
974033.24541 856869.911308 155633.91969 419331.504031 719573.723338 672964.432642 53413.1254018 789394.067671 340231.587877 161965.279557 
847197.887451 477822.241077 259654.659594 168030.339914 57388.2944685 549541.684567 208853.383242 407445.611409 854676.200216 513121.870146 
735990.983895 979232.738686 947628.879787 51133.5972144 932437.528488 463086.133952 845049.69493 528746.500121 584762.428255 472366.374621 
803998.791572 937715.54569 182647.098464 240464.620037 64695.1250219 59165.9937087 777645.008436 510657.627018 142246.826688 775894.393063 
260831.027553 90659.5865609 820268.716066 811290.93118 656190.443756 203707.514647 675601.541867 635687.185287 555448.787965 793726.996997 
901747.024412 241767.410275 944904.164447 419855.238683 313325.655998 400543.79354 609837.707418 496945.329297 580687.447609 465456.583255 
406846.521262 946199.62249 730654.715304 112266.601809 969270.924467 668380.7762 528369.163916 871205.969242 462942.780736 186378.5164 
854936.418187 725433.960963 713822.677819 292380.630914 513782.00002 795060.632622 647764.850281 10314.6111288 307580.886146 840632.436015 
3775.09524054 295000.679902 12975.936991 781815.07192 83565.0163692 869733.580578 673435.162048 615187.972551 503432.243256 819307.475331 
313998.305789 298096.474829 6903.32400752 451457.414999 652447.418931 233616.330162 87861.6899313 940720.534879 239796.253707 531915.367674 
974344.762185 417361.108392 704419.659725 386217.332806 904035.842844 270861.342532 234466.285201 33555.7232531 92019.4534586 572355.677439 
447525.564437 752257.820221 588062.552369 724385.193249 529523.271542 763877.714018 34659.0128413 386852.145754 789694.245101 229620.418266 
122277.992484 797519.811737 244102.832913 603282.312834 634823.859834 926237.829699 839884.062971 986658.506295 821660.628271 641035.533184 
563525.468086 592599.147388 412055.03172 716809.226806 871222.194515 101374.414825 864377.497208 323620.891534 750121.812654 828852.599104 
887094.216364 189134.866392 222847.772239 718418.134305 182682.346071 380558.474844 128784.945163 164930.009549 954564.227217 873125.113995 
302752.254279 368459.900901 302928.972439 191075.108531 272915.589879 581223.002221 124049.83635 357602.008485 719082.891678 117112.39914 
408247.396579 916686.707489 15468.0572252 643919.912017 698393.718401 671604.91681 915387.741834 581041.545665 581674.798961 968217.195594 
961993.553566 18372.9173082 92061.9142253 203023.283947 859711.368108 789453.592465 423162.786905 422525.234773 713090.089732 771983.601522 
53628.5462712 461625.681405 140465.969395 237794.238277 836447.896348 805064.14371 36779.3992313 667530.403137 857908.323441 701864.054009 
616990.653906 588315.402194 242127.024427 141624.536472 35830.1843421 881577.624659 611845.922923 704762.468623 1451.91911436 84649.074209 
540739.973825 733416.747821 864393.465626 74189.9176278 833682.941832 382938.654543 629470.41874 78779.4000361 598367.442762 724843.166865 
283018.846799 447303.505641 465348.435627 354598.984415 771492.261865 189477.281658 907307.033378 592953.424855 574695.731505 754199.546551 
474316.864046 567401.549878 878465.239183 627132.208625 879470.192217 862780.645005 479124.157917 815893.413488 998094.9601 164735.50264 
607653.792715 47311.943218 340952.602652 143041.593324 223643.311129 286372.393279 522342.931055 788267.973217 654256.237597 361018.359691 
969354.2435 565564.317104 376709.094685 546504.993257 344863.05295 311247.382231 730543.082355 215601.642066 537704.693532 59694.4698496 
719821.460474 326626.931443 425467.607807 649094.326025 309828.788646 412235.744559 273820.800786 234422.625106 380090.655082 554952.199817 
92248.0897526 411226.449372 581642.779249 79505.9585001 893855.743278 160025.025801 147807.242467 393218.782572 64990.7324025 228308.880403 
54762.8911686 838475.800493 755332.732363 113026.526574 780812.43568 247460.643807 85897.4424991 608992.691108 996806.546579 824524.450712 
461053.768698 145553.763635 379166.685634 389382.647165 693487.32249 206020.046489 68700.0200755 868478.303354 962370.920996 282465.73644 
941272.462704 40476.3982144 770193.255282 744660.429593 215535.811399 71988.1463199 207000.57667 842031.034747 1979.36564806 981840.346984 
790964.927148 340305.851473 799485.943106 625185.121524 473851.050002 412473.698672 363729.42437 705940.932534 451906.923665 310010.473447 
693408.598791 684290.214446 337393.100377 608370.043788 15429.0940347 619461.306691 544985.935678 396294.421068 111354.651343 286598.423174 
191404.777205 445386.066737 111660.466663 920661.58609 513863.346288 295385.402477 266042.6472 853653.168749 24352.6725077 254576.920911 
607085.475746 771692.030873 88212.7146278 709409.071 192079.477624 738982.250113 901515.386839 283253.170202 940959.989316 390774.613238 
225645.246661 971532.493316 359126.324772 695028.410878 104874.932146 20658.5473762 936124.280397 352921.400826 880605.983633 14547.6104776 
284799.777557 4914.76910444 330302.843018 549582.038927 510411.09083 652124.238786 111195.455185 335931.985648 730434.822104 28938.099262 
370445.343502 427500.641846 625336.785203 51569.097186 870749.515311 199967.698949 61561.4565811 147397.371799 931675.015987 377432.982002 
236569.028271 618107.96581 229787.930387 601442.34692 800824.957914 45883.065826 911120.988248 727479.379745 757138.145759 160004.229624 
14025.372462 366398.903083 494672.826052 417341.487443 715539.39992 453869.640189 700157.019627 235112.002855 77588.7817732 565514.951161 
822143.348176 10148.7580244 263481.664526 808282.961044 794378.666047 648912.834931 355696.720063 224604.950931 875922.639036 355067.796943 
464069.945987 324121.664 324783.630874 792085.579471 391878.422667 563388.614994 312403.906474 555996.793878 618555.005696 555730.922472 
97824.1170053 535558.97783 767884.074405 318646.122857 8348.2274776 590996.105715 716260.244449 208393.753923 942771.989115 808006.162459 
336308.038897 414355.061762 940175.661891 739501.779135 35620.8248982 704522.013461 933345.631801 248025.076331 568562.883829 889240.031794 
76032.4015844 843343.872174 137197.767111 61555.4951927 618949.726487 924835.26021 633261.821263 823585.924729 609932.629109 238168.438602 
684916.639992 811717.158846 224979.095244 203509.635176 498009.591446 938750.896279 308925.002101 184663.561945 584388.732602 791477.952895 
824218.344842 50191.1939537 114885.023282 640525.402885 595910.689356 374648.961397 406779.336041 494879.99648 534788.505008 148108.365176 
476464.717558 819060.562989 281737.034914 532741.476148 874157.390287 267457.5981 594241.904129 688016.142236 454900.708034 798475.516784 
809604.213547 146823.724353 993273.496039 176900.288094 762447.709631 489709.894245 680073.794648 169253.248399 435296.80997 859974.077079 
610258.384585 895256.735411 555598.916799 420288.136674 784872.773735 960565.054142 712383.886602 387552.033884 255344.262231 40138.7158709 
653909.083483 489962.094423 991831.001765 143777.948813 428287.52203 82908.9253538 81177.2504472 811630.156049 389081.455878 262314.373406 
858195.84516 355855.615923 322784.074741 31527.3784674 288450.535695 228786.967123 524837.154899 562528.409563 267949.672989 492905.304846 
372093.143785 942932.072012 569667.608184 997015.396399 684634.707218 546072.543751 882446.585871 669677.374629 650973.651604 649191.038499 
230587.452319 407993.540199 751588.924201 974685.972401 241191.454203 19279.6622281 719224.630831 962306.981924 975153.566355 916242.829048 
911668.514423 298744.488081 154957.902224 586132.829113 309634.876811 195804.18576 123001.60709 981865.146584 887895.134248 859856.47152 
621431.062698 313094.724888 428799.019039 136980.783553 133169.477954 406195.172541 303750.389673 187469.458686 611511.220925 571031.324736 
887851.5372 969003.281439 960431.693765 988462.26222 892552.89109 162265.689089 708853.646128 720257.516817 907091.792347 20847.469172 
746976.087374 990281.497242 965988.096022 498600.273953 554123.43026 342820.226175 355401.124388 766080.116128 792662.149416 655774.834732 
707702.825107 196.481018558 751710.551781 802639.98655 966092.232559 497249.932295 575265.78667 946242.367835 679042.265032 680486.769758 
65842.6517739 965600.123536 42663.6636911 837422.759671 320869.488735 383559.942565 89703.5465832 128256.156259 41861.4526365 21695.5116398 
204606.486827 946887.833635 44781.6115958 321523.046373 528848.137235 334167.324838 526798.078703 3294.19589152 304758.088963 165891.685305 
141713.509587 311210.425803 569869.835626 99520.6149387 988670.140612 307880.831326 106735.110905 563154.028321 435268.322369 964602.32434 
533230.721154 515027.105311 32543.1796264 252007.330942 956627.300386 638245.770273 846181.023145 998945.394418 720657.261126 247368.972164 
686635.95155 48986.6038825 450364.643782 184058.045311 390667.03298 225359.963007 287998.199014 409377.049008 986589.026682 962004.068201 
932307.540529 612473.690086 119909.986096 452804.665986 831835.822358 346471.554569 969669.219472 866280.885701 96930.757214 951686.924978 
412522.86151 290894.813176 374871.618459 783942.71007 39012.5474331 28924.495582 830576.428578 481851.31187 543123.625455 98425.2434675 
252386.445256 637419.520676 373015.135137 837723.865861 260151.909603 925342.206221 993784.998638 949154.931026 687306.151568 850229.388605 
358574.674496 156483.614353 675373.472719 342561.97806 774899.533788 526127.838418 379920.0162 463791.245846 515756.857794 204509.520212 
53705.6634871 967892.070728 964837.459221 158426.033869 51713.1584015 378915.451612 774768.377365 772764.509628 108123.784605 229141.407543 
264391.884417 521815.671927 634942.295894 943376.258121 346407.068324 423775.835075 621924.783683 879270.760361 724136.037208 996563.845965 
445214.249033 103346.972356 773644.750159 710337.101428 923383.035255 473104.391404 751398.460872 805183.310364 575500.5138 867643.153489 
242727.43988 720687.200438 375172.483985 303183.266957 644642.049015 34321.2856676 191196.192734 335174.063267 545378.756796 676314.765151 
215346.902832 314227.638509 658077.901742 380130.378289 774829.069321 810604.59661 332197.208961 172924.23182 767231.741925 241716.130566 
397261.337008 761358.498535 928272.360871 481490.43622 946791.120428 929550.844339 579447.800213 942658.582883 493462.611223 227715.154378 
894657.812526 710470.556499 125990.522223 795714.985812 480229.786656 51983.5011534 908514.146116 403710.351171 535021.411227 181367.811607 
867702.746887 759698.949288 981264.291829 261257.881856 37266.6173324 424071.481901 442690.14445 308351.902548 806233.034379 613232.200706 
472165.75865 300612.486374 825950.875896 433353.313513 953883.05486 663417.655847 670335.040627 694161.728482 897045.566088 129515.732604 
509859.861831 201142.252813 37080.5853016 196089.121871 465213.028408 75112.3963727 960218.245941 351653.424051 612881.059452 343411.112588 
592894.853967 105926.33575 692834.515711 474807.776471 506086.255495 961415.451777 140024.464793 943588.983892 71487.2615732 685293.318026 
656046.253058 667937.764255 483411.871533 116050.192395 903868.624903 651013.669103 635475.335248 461713.007919 690048.882697 884164.426093 
256276.22778 196938.719933 8142.22258338 432844.008039 469828.547562 802978.405647 298930.379951 129958.319973 388299.163312 191093.145411 
486069.320825 822468.599049 112986.18879 353413.268402 794349.599436 381781.954364 488789.204146 656889.783983 895407.031739 110512.880847 
57753.5131504 742524.109842 256945.096425 195306.650143 538771.090921 380308.191492 308116.125657 856868.570391 369262.98924 696007.185859 
741266.513312 114184.860417 474392.784816 107475.185375 314563.550627 70718.0620198 845531.639839 127171.462556 576217.919518 152277.666937 
674773.886245 908935.654687 796405.246887 677049.729179 428267.981157 272501.103991 385089.771284 947089.411188 994555.593724 745171.879424 
422827.128284 391333.994189 236231.626707 852275.560719 424222.453014 698085.354838 257118.065405 843470.737571 994774.8481 206469.367536 
506470.861999 520789.358212 813783.210846 3646.846768 143479.732901 260301.092773 22232.9163066 23955.5859727 96200.4402412 844174.957313 
534646.253195 41013.4283292 676754.282682 169489.082893 901739.685736 445723.562717 335140.76046 3039.65931797 799626.441465 259534.99966 
869256.449204 985818.596483 747328.768094 297863.437665 70957.1125571 244606.304633 289213.932499 864871.643904 946073.751915 9024.81940229 
95961.0062402 926197.862431 488933.59498 628345.60786 574925.449263 601882.318046 992336.960824 944482.654127 101513.075537 604361.050485 
397587.291543 810068.098725 892202.024386 596980.993871 175415.448219 482281.385477 143398.121711 692894.668346 202931.123657 254195.561589 
593116.93722 163726.21417 299171.950026 520623.993022 114613.71179 454686.795849 115969.092582 299845.335947 467960.160744 120429.671333 
393750.017655 81131.7549632 806992.799901 321580.084512 410.749128076 834288.570792 330382.108033 576189.774544 974581.784871 127377.724097 
358052.332158 788130.357031 159704.589722 569200.033887 340687.036249 17047.3782272 315806.498872 863175.762608 522423.153027 935362.361389 
313816.622005 531177.89469 830419.094058 205112.434413 998153.557096 506556.809752 427254.124629 331175.398486 100169.874432 373488.48074 
403882.967955 477271.832196 103204.393534 844771.765067 73916.5922074 325695.821966 488166.882323 821750.388817 470203.728066 155589.781052 
909768.977659 475425.432636 691126.272229 241893.318891 297367.962585 922247.941279 567059.003719 982078.899855 838703.799633 703052.123462 
63968.8523677 263557.277738 708626.415295 2829.9693312 182419.279463 279837.229013 610663.736328 379275.801093 110467.983113 536640.542494 
853964.501005 192429.53786 547962.645485 379795.185184 736240.955834 189263.104743 792283.544697 414376.341503 905143.169768 940315.943573 
543440.249424 189970.324898 335159.765543 547679.070506 91417.2541924 329401.697502 846994.791031 222038.787606 1625.46267126 211090.906508 
44301.1152729 429045.274781 936824.440371 836582.023004 958981.910563 279445.632149 414808.183586 292918.46986 926222.992266 809330.495111 
818392.138521 876166.273145 996857.391692 42689.0170133 445433.002265 849627.50294 781529.608514 408652.160963 778238.033506 272108.224401 
838799.995299 399489.773915 569575.907617 553065.787765 813876.909151 117504.514346 345238.296658 62905.487804 175862.282791 748546.760271 
616616.796909 675281.83964 334932.723688 461974.999638 757987.805569 430631.098139 878578.749598 786388.379185 183478.945911 755679.541765 
895547.073509 617088.95433 295535.055307 521327.500279 732012.679582 881208.772568 273741.39988 471686.904837 959205.158218 234891.058203 
468490.965905 854965.607343 782920.937032 413096.271873 683722.813983 548286.230251 629645.303404 597777.388211 509638.68096 970327.056921 
784616.553928 890774.491597 343014.140925 792761.8203 686904.291125 898884.637352 136716.980051 37468.3124469 461733.559733 464952.175465 
533512.81705 757704.616486 743887.869572 581614.662254 183638.104317 78858.4282017 790394.312599 935599.274597 818660.585995 666781.350697 
768083.731952 340409.212864 945735.417225 974779.875337 839106.046574 463697.637012 393709.287362 24502.2208068 941810.818759 409092.947626 
780549.544637 439800.247999 134098.811785 854279.785251 584166.913002 799866.028607 808555.255454 751536.125469 150445.732869 866078.084542 
971067.869885 62340.6232967 86243.8142373 396534.485281 128269.168108 750389.207087 205245.173981 58132.5685428 282.840204286 94910.7570712 
144696.669297 144970.547104 709010.79499 261692.323632 223902.581114 665268.930185 168689.530672 532003.024141 115791.439711 533677.119468 
508368.587272 808930.902803 693386.428148 944571.688109 679851.863888 406771.465031 672493.866614 2301.94222264 768881.148769 913869.5702 
498458.183569 653031.692673 705725.710418 949992.956275 109203.315476 706043.623605 260996.83403 349342.375837 214387.363892 685414.289202 
524573.108479 825380.837502 857154.191083 828781.335964 26066.1845749 441609.983479 587715.915748 982046.967605 553191.60006 137172.355922 
540333.100688 490645.088789 514186.033937 717939.514184 517016.494814 24427.2330315 978934.419094 554546.761182 141947.984578 589848.742345 
562403.453733 701664.602408 417348.522186 978470.551152 906722.901508 244055.958542 785470.323601 737494.36155 788922.552705 784414.247936 
268380.404486 387814.226637 297678.952176 755363.005492 75902.2769461 595695.088996 845407.130499 39761.1090409 501653.518262 786790.303083 
888409.209921 859751.581084 261360.451358 583868.141978 417467.415053 115473.349925 67612.4791977 220618.987892 418196.893698 167118.754958 
173817.388825 139356.612042 465990.009696 242226.053746 590486.241102 273675.683853 1610.00110449 759871.15369 16898.6649459 433385.071627 
691317.323181 865151.393904 982139.225017 958387.645449 310651.714653 721757.399848 667638.958621 391401.610911 337762.935526 781150.123695 
444860.613248 727695.049815 29995.0209014 458563.341822 624195.739255 172983.152298 597279.210388 331236.051632 713266.698548 22994.4053816 
62959.3189582 601348.153993 602058.140133 30082.9156246 846766.576509 219049.657158 232896.607127 267091.961603 221111.675475 471593.513105 
588574.946466 708396.742794 783361.939069 756827.719136 401007.298087 85094.1131989 671724.006041 835791.5709 492600.157525 456204.935329 
326934.853849 851801.963173 244046.085403 848926.195182 473100.324614 13643.0323451 854979.790613 998348.008173 979196.540164 91927.5180096 
140871.360013 929016.409125 752893.085313 955294.663143 104569.141517 985750.207222 320426.559078 182694.885169 469469.488179 784779.103982 
320092.207326 414688.432415 157268.477766 790645.356942 924128.453359 252943.878331 710597.354079 813572.558902 487680.575481 39527.7053114 
90647.6913226 150796.296997 131567.689402 746877.079016 773809.12512 208731.320379 885183.471433 654958.539453 324788.76424 923411.238409 
152096.303231 496632.389135 931063.730853 877211.389175 394115.221738 390524.894972 992306.242044 319905.859078 797532.095326 921102.379958 
895291.993527 354600.059332 433639.848975 276730.615607 698011.495469 722653.962467 716849.39699 538397.237531 942183.028364 710649.542394 
228204.565047 443654.080215 577816.347125 135330.313712 613697.226918 396208.574619 850705.025574 347928.602448 273387.883636 314935.663795 
112940.636485 660026.097987 571801.019075 203742.628252 582561.853089 455747.013659 204365.686837 872566.58866 284066.294172 727579.366416 
520953.161887 454871.516488 545726.655726 505135.426442 934517.518379 556611.873363 259053.644342 986394.06254 358490.648213 113807.106602 
85499.7948601 737335.500845 935195.707246 542145.101481 36445.5788676 492920.759684 991420.034138 679912.281699 94922.7561532 517905.038778 
176432.768468 753454.524204 74352.5170927 34599.5925123 16786.9327703 115058.463479 794525.852762 288891.050126 118513.003696 732367.355472 
718784.69595 187196.875479 176611.69284 320832.61049 277745.214149 721957.383237 966781.591702 725723.228248 405753.321475 199374.505217 
195461.825167 421060.241197 796367.377886 519234.821775 645530.146453 360956.208215 800574.485156 634097.075061 475577.558548 589373.267676 
927316.909265 634455.990765 885593.153459 922107.001478 827481.14071 165177.252387 415115.623698 898938.733567 499088.973041 181729.847732 
101029.63101 868808.413986 294203.634327 737339.422795 217491.561356 134599.647811 562798.391613 580491.538969 864358.993577 512610.218804 
145432.498 180307.716287 284379.772105 129992.320114 610674.584992 842996.211435 400628.476369 711473.525186 935903.157714 638560.511451 
105678.024602 67462.3863783 25554.6018468 349186.864094 845757.451942 589183.115144 805588.884269 865496.423889 573100.950868 521438.928173 
845979.945378 191486.586121 362226.954612 35398.8810386 705504.549105 248017.656173 395332.817436 853574.135737 641587.566526 731029.970971 
771603.705657 756173.258811 306314.661907 397125.542129 545514.881197 221238.902904 291506.100621 885403.465639 745504.695089 518548.418506 
163989.421793 82075.5550876 130103.052411 166767.665763 404730.64883 918695.986208 518858.240441 49776.9020634 939623.40541 178426.577701 
949992.684145 254564.831642 485509.950562 629248.348359 319171.151149 690756.115573 646464.750944 839784.355169 159708.859443 956494.535198 
468225.814378 310143.067701 873709.105362 297118.863009 828785.567841 152288.535149 735839.407281 230227.958268 42132.6663536 657819.130209 
672136.687098 745019.261801 269337.304937 640094.243699 869620.088411 815093.545535 527171.188993 611794.615179 563861.889573 115723.523256 
728095.187532 426500.274163 768663.086202 822650.085379 995718.453993 442094.386265 836487.446484 203690.163236 235496.748953 146830.820075 
888332.408959 885300.258102 817297.867507 949277.820985 711409.706559 686128.315204 221726.568645 767744.478653 128406.660688 680679.714602 
888997.383034 200869.074251 349377.23639 146976.301951 558515.96211 343777.867718 595915.541046 224535.61589 734291.370799 4406.82033437 
199317.481458 939918.603198 7534.96510337 509553.788758 813476.412595 107168.453358 777215.081874 150005.704842 101001.264572 714074.448823 
440397.139071 869695.921391 448057.841358 87723.3834532 356446.37361 122468.17858 997888.070652 337206.151287 128748.825166 729272.445655 
273936.751808 427825.035737 485143.730597 125779.516389 684465.399513 805441.573554 285552.541892 954783.415406 816510.039159 865297.374466 
938263.535313 408893.12005 881442.557826 276779.339707 626862.980081 121212.085464 451629.04177 198065.151246 729158.553715 233378.295177 
904819.05612 618320.478033 348928.208916 103809.312582 358457.942879 14347.4375999 998701.256656 775238.490779 918083.01857 290416.642418 
648835.334733 64874.7228877 976168.422867 30534.3727353 715590.285444 408960.273432 909798.224013 363689.508346 477065.797563 408316.504313 
964756.968622 857699.929168 360381.900598 913653.494088 408753.481215 11131.6047741 205677.876305 663352.331377 695000.142961 52894.4799984 
293254.757509 746925.326036 238591.412855 306436.195804 451108.31493 592004.099743 81228.9905378 498286.594353 371231.556753 275829.594269 
610685.78227 57393.1404868 322696.570081 962928.862966 494953.249292 204693.55448 375790.945303 132970.195323 568906.824269 695015.520696 
343049.170029 301088.203002 36386.9206731 434068.520564 242779.168313 765073.916991 829688.977564 460202.864452 974947.951877 921564.905369 
675699.293116 797046.383943 396355.066266 418682.679589 105472.394907 847221.104888 536001.468196 437066.570982 442908.42135 46782.4097839 
801126.688825 391438.97076 643075.118471 88207.8920571 320885.26375 760714.429506 94419.6735364 1287.38401864 852256.333478 94748.736237 
288259.008716 201297.192006 768517.601608 451741.994716 525810.917654 623546.544916 882132.449094 129940.10968 896022.525346 887678.903169 
428881.399791 585139.16037 201577.846942 211932.252329 747729.178678 335618.49065 544009.499063 507168.74 948462.588981 887315.686402 
991659.078896 425374.991132 6041.05840641 275812.836801 635478.225055 468697.614606 169443.045268 465995.65001 751852.163172 187790.077468 
983337.813475 804592.591752 860756.940821 514007.157579 967736.47773 643100.072827 134457.697068 392154.211265 547053.541256 757312.433375 
379080.760719 966042.450317 279595.308364 132956.095512 899050.874123 692426.775706 469736.24876 456205.114653 93765.7108864 814220.081563 
32113.5096864 302511.58736 352800.982097 110765.417571 881230.644954 618300.886588 661985.844088 319875.802454 267567.737883 395539.762786 
648397.679677 349369.296643 613114.342209 932461.046615 218765.930225 80441.0725405 536797.975448 656490.93173 631768.650347 708738.005623 
755233.914896 354539.383583 868655.549181 960239.038447 404346.520829 125509.967488 214342.847205 383422.043371 906947.533943 583729.881917 
819460.329759 109550.25329 464131.337905 455199.344269 942092.860755 306452.124189 600983.365188 928957.47187 814918.137729 134930.216949 
258419.270818 747365.023936 914890.524621 819212.800318 901330.912432 220563.461466 761552.165956 78111.6385877 970082.803228 422715.104367 
78842.9598148 422465.593878 473842.912938 418433.168193 537405.486034 706737.736509 939806.40257 649412.115572 792579.31871 433292.375926 
97291.1088368 49516.9558079 307241.640779 868005.980896 839334.351648 682155.475982 470163.948399 25028.1067801 348424.013759 780355.255099 
67697.2015232 955444.541926 932897.626889 193012.057895 351600.128245 421277.060567 564725.179297 968764.71684 515809.157849 734037.480039 
656171.446371 146716.273355 147836.600639 390884.878301 651130.413978 541204.067067 68469.9493435 821619.254117 726518.338765 588986.325185 
837266.331891 265222.812754 607329.993608 726188.862247 953584.607635 30651.7145662 942593.003536 41783.5218635 347510.656012 338496.347455 
983545.167824 613390.695641 39298.9329224 455025.66631 635397.011364 970288.50232 537768.366469 464133.027146 902712.230531 364582.998096 
675476.547342 786472.678863 321460.87223 491429.256259 628402.491692 575199.800521 837589.349249 985606.561251 20012.2621089 74151.2682747 
812582.046298 665719.326826 635736.601438 200770.348704 794621.743135 368127.358502 535324.194705 389182.669184 404863.3231 466536.755284 
239153.778359 165281.214273 515808.322193 658224.577509 657770.756955 404624.629328 255699.914153 362941.81605 536023.758247 937229.679535 
660299.157567 648320.674725 101704.169432 573787.203579 999223.056591 911372.912295 519384.994066 631240.335643 164397.370743 766612.445775 
801064.485981 156303.796775 909628.845013 759741.024497 83575.6187882 894327.66258 664993.754178 331171.220405 527079.029421 689135.95613 
753113.079806 832796.129387 831945.867927 872755.284995 955690.486354 999469.277285 170450.223454 278423.343547 254962.554457 494071.873616 
339114.958357 193766.813728 256655.168392 268810.23008 293162.739408 753367.026896 747660.015962 540086.531334 631617.79184 277967.684986 
100090.309621 79800.1626224 410012.976849 679294.681476 866407.677804 100941.1615 882610.117893 98017.2223935 172270.697941 24961.0166468 
809536.794136 333141.634389 633637.9024 672075.437123 424497.329095 400213.610765 748803.263254 756260.474415 687921.3829 527835.174316 
151928.922336 553894.646516 910726.280914 16659.2446007 563829.419496 69685.6620409 644552.501606 361777.274719 923920.166116 225901.663572 
562526.399371 989084.138423 221444.666966 366980.320472 736347.897909 817497.660175 23233.7441302 733462.495995 668932.340627 112764.983244 
659009.492975 718986.864233 432594.674559 691203.451652 489321.37709 985301.947203 250679.215284 544283.654564 470290.335216 402700.715273 
304727.084795 783379.457797 834565.644328 866222.86851 998264.604933 883013.977089 801979.69806 476977.461186 358915.245688 915686.471041 
521179.394521 728087.947728 405419.758339 864710.586917 800331.513038 549221.910607 859737.182586 477318.165901 723408.076526 40352.6521568 
876906.312054 801308.127402 701631.141264 360829.501753 550815.659272 57638.3586523 264983.286501 339020.384626 729980.459207 455859.301624 
622363.085916 903912.2262 752943.347971 787553.988501 760183.399555 835854.074183 356983.887584 719052.55118 699144.420451 465219.514727 
28655.3967059 164254.447567 403109.466588 379154.16519 927171.748312 211103.052864 950227.320512 123602.774929 898198.689706 612478.477454 
165106.821756 745856.745563 883049.56366 941691.091261 427645.168352 435492.480661 656902.76551 105167.606918 576306.486655 162469.404578 
716271.460164 794547.727985 995753.594132 125356.552549 882347.479366 142652.769678 866637.220782 706800.586603 733440.575532 630538.900705 
933940.083457 125329.082544 71191.5903505 733198.132629 447758.070526 669614.311773 845232.932282 385169.057918 531223.851826 615109.417634 
303504.502555 657569.496788 642705.017863 308289.958452 1468.06902654 83581.1129236 116131.629411 585098.533851 12326.1760426 202710.791195 
55548.9442392 447378.675863 179921.749103 530162.754486 859616.062281 720733.707311 402747.236014 916567.857447 573394.131701 541771.725267 
39457.7378017 393491.657891 279957.839954 587707.287663 942815.270336 768513.16609 427407.646744 187500.010837 282728.97982 498434.853745 
987380.401679 527783.457822 155473.775416 551876.550945 259169.64379 887571.682048 14679.2642519 514173.639423 446701.700427 987187.901428 
325987.724355 936508.605439 383571.468649 775163.943086 747974.598419 795734.468676 488242.960357 891695.076488 363914.47626 131416.043262 
652324.00984 133609.233299 376940.909688 894332.623387 37079.1333691 942451.135492 693344.035242 913054.288032 19191.2735106 478992.11365 
433357.036154 828839.413103 382919.20862 358569.230738 924432.454756 910441.390799 308639.970904 304978.030539 372514.594144 692960.87113 
725873.391949 423055.779468 249114.233674 899242.571588 269571.244565 422577.469866 690782.919094 204397.884763 870533.285453 278708.639116 
984904.113845 669059.624918 648234.322659 712466.242963 969012.704284 409362.404703 745228.478265 148405.78679 209079.082689 664458.932335 
791550.896698 908145.271739 284944.925559 91925.5104884 300816.767549 477624.335823 997541.523237 400913.779885 94940.5896144 130813.290712 
180984.169846 724638.294148 87836.7796173 638879.831431 276338.39048 912369.108596 574061.820549 304194.316143 992485.677224 10033.8602012 
